@stats Msg Sizes D,T,L: 1344,150,64
Starts
Finished
execution time in ms (DSB with UTP): 296.26
A,child cnt :16
A_00_00 with memory:0x854220 lead_dim:12 has contents:
+1.00 +1.00 +1.00 +1.00 +1.00 +1.00 +1.00 +1.00 +1.00 +1.00 +1.00 +1.00 
+1.00 +1.00 +1.00 +1.00 +1.00 +1.00 +1.00 +1.00 +1.00 +1.00 +1.00 +1.00 
+1.00 +1.00 +1.00 +1.00 +1.00 +1.00 +1.00 +1.00 +1.00 +1.00 +1.00 +1.00 
+1.00 +1.00 +1.00 +1.00 +1.00 +1.00 +1.00 +1.00 +1.00 +1.00 +1.00 +1.00 
+1.00 +1.00 +1.00 +1.00 +1.00 +1.00 +1.00 +1.00 +1.00 +1.00 +1.00 +1.00 
+1.00 +1.00 +1.00 +1.00 +1.00 +1.00 +1.00 +1.00 +1.00 +1.00 +1.00 +1.00 
+1.00 +1.00 +1.00 +1.00 +1.00 +1.00 +1.00 +1.00 +1.00 +1.00 +1.00 +1.00 
+1.00 +1.00 +1.00 +1.00 +1.00 +1.00 +1.00 +1.00 +1.00 +1.00 +1.00 +1.00 
+1.00 +1.00 +1.00 +1.00 +1.00 +1.00 +1.00 +1.00 +1.00 +1.00 +1.00 +1.00 
+1.00 +1.00 +1.00 +1.00 +1.00 +1.00 +1.00 +1.00 +1.00 +1.00 +1.00 +1.00 
+1.00 +1.00 +1.00 +1.00 +1.00 +1.00 +1.00 +1.00 +1.00 +1.00 +1.00 +1.00 
+1.00 +1.00 +1.00 +1.00 +1.00 +1.00 +1.00 +1.00 +1.00 +1.00 +1.00 +1.00 
A_00_00,child cnt :9
A_00_00_00_00 with memory:0x854220 lead_dim:12 has contents:
+1.00 +1.00 +1.00 +1.00 
+1.00 +1.00 +1.00 +1.00 
+1.00 +1.00 +1.00 +1.00 
+1.00 +1.00 +1.00 +1.00 
A_00_00_01_00 with memory:0x8542a0 lead_dim:12 has contents:
+1.00 +1.00 +1.00 +1.00 
+1.00 +1.00 +1.00 +1.00 
+1.00 +1.00 +1.00 +1.00 
+1.00 +1.00 +1.00 +1.00 
A_00_00_02_00 with memory:0x854320 lead_dim:12 has contents:
+1.00 +1.00 +1.00 +1.00 
+1.00 +1.00 +1.00 +1.00 
+1.00 +1.00 +1.00 +1.00 
+1.00 +1.00 +1.00 +1.00 
A_00_00_00_01 with memory:0x8543a0 lead_dim:12 has contents:
+1.00 +1.00 +1.00 +1.00 
+1.00 +1.00 +1.00 +1.00 
+1.00 +1.00 +1.00 +1.00 
+1.00 +1.00 +1.00 +1.00 
A_00_00_01_01 with memory:0x854420 lead_dim:12 has contents:
+1.00 +1.00 +1.00 +1.00 
+1.00 +1.00 +1.00 +1.00 
+1.00 +1.00 +1.00 +1.00 
+1.00 +1.00 +1.00 +1.00 
A_00_00_02_01 with memory:0x8544a0 lead_dim:12 has contents:
+1.00 +1.00 +1.00 +1.00 
+1.00 +1.00 +1.00 +1.00 
+1.00 +1.00 +1.00 +1.00 
+1.00 +1.00 +1.00 +1.00 
A_00_00_00_02 with memory:0x854520 lead_dim:12 has contents:
+1.00 +1.00 +1.00 +1.00 
+1.00 +1.00 +1.00 +1.00 
+1.00 +1.00 +1.00 +1.00 
+1.00 +1.00 +1.00 +1.00 
A_00_00_01_02 with memory:0x8545a0 lead_dim:12 has contents:
+1.00 +1.00 +1.00 +1.00 
+1.00 +1.00 +1.00 +1.00 
+1.00 +1.00 +1.00 +1.00 
+1.00 +1.00 +1.00 +1.00 
A_00_00_02_02 with memory:0x854620 lead_dim:12 has contents:
+1.00 +1.00 +1.00 +1.00 
+1.00 +1.00 +1.00 +1.00 
+1.00 +1.00 +1.00 +1.00 
+1.00 +1.00 +1.00 +1.00 
A_01_00 has no memory allocated.
A_01_00,child cnt :9
A_01_00_00_00 has no memory allocated.
A_01_00_01_00 has no memory allocated.
A_01_00_02_00 has no memory allocated.
A_01_00_00_01 has no memory allocated.
A_01_00_01_01 has no memory allocated.
A_01_00_02_01 has no memory allocated.
A_01_00_00_02 has no memory allocated.
A_01_00_01_02 has no memory allocated.
A_01_00_02_02 has no memory allocated.
A_02_00 with memory:0x8558a0 lead_dim:12 has contents:
+1.00 +1.00 +1.00 +1.00 +1.00 +1.00 +1.00 +1.00 +1.00 +1.00 +1.00 +1.00 
+1.00 +1.00 +1.00 +1.00 +1.00 +1.00 +1.00 +1.00 +1.00 +1.00 +1.00 +1.00 
+1.00 +1.00 +1.00 +1.00 +1.00 +1.00 +1.00 +1.00 +1.00 +1.00 +1.00 +1.00 
+1.00 +1.00 +1.00 +1.00 +1.00 +1.00 +1.00 +1.00 +1.00 +1.00 +1.00 +1.00 
+1.00 +1.00 +1.00 +1.00 +1.00 +1.00 +1.00 +1.00 +1.00 +1.00 +1.00 +1.00 
+1.00 +1.00 +1.00 +1.00 +1.00 +1.00 +1.00 +1.00 +1.00 +1.00 +1.00 +1.00 
+1.00 +1.00 +1.00 +1.00 +1.00 +1.00 +1.00 +1.00 +1.00 +1.00 +1.00 +1.00 
+1.00 +1.00 +1.00 +1.00 +1.00 +1.00 +1.00 +1.00 +1.00 +1.00 +1.00 +1.00 
+1.00 +1.00 +1.00 +1.00 +1.00 +1.00 +1.00 +1.00 +1.00 +1.00 +1.00 +1.00 
+1.00 +1.00 +1.00 +1.00 +1.00 +1.00 +1.00 +1.00 +1.00 +1.00 +1.00 +1.00 
+1.00 +1.00 +1.00 +1.00 +1.00 +1.00 +1.00 +1.00 +1.00 +1.00 +1.00 +1.00 
+1.00 +1.00 +1.00 +1.00 +1.00 +1.00 +1.00 +1.00 +1.00 +1.00 +1.00 +1.00 
A_02_00,child cnt :9
A_02_00_00_00 with memory:0x8558a0 lead_dim:12 has contents:
+1.00 +1.00 +1.00 +1.00 
+1.00 +1.00 +1.00 +1.00 
+1.00 +1.00 +1.00 +1.00 
+1.00 +1.00 +1.00 +1.00 
A_02_00_01_00 with memory:0x855920 lead_dim:12 has contents:
+1.00 +1.00 +1.00 +1.00 
+1.00 +1.00 +1.00 +1.00 
+1.00 +1.00 +1.00 +1.00 
+1.00 +1.00 +1.00 +1.00 
A_02_00_02_00 with memory:0x8559a0 lead_dim:12 has contents:
+1.00 +1.00 +1.00 +1.00 
+1.00 +1.00 +1.00 +1.00 
+1.00 +1.00 +1.00 +1.00 
+1.00 +1.00 +1.00 +1.00 
A_02_00_00_01 with memory:0x855a20 lead_dim:12 has contents:
+1.00 +1.00 +1.00 +1.00 
+1.00 +1.00 +1.00 +1.00 
+1.00 +1.00 +1.00 +1.00 
+1.00 +1.00 +1.00 +1.00 
A_02_00_01_01 with memory:0x855aa0 lead_dim:12 has contents:
+1.00 +1.00 +1.00 +1.00 
+1.00 +1.00 +1.00 +1.00 
+1.00 +1.00 +1.00 +1.00 
+1.00 +1.00 +1.00 +1.00 
A_02_00_02_01 with memory:0x855b20 lead_dim:12 has contents:
+1.00 +1.00 +1.00 +1.00 
+1.00 +1.00 +1.00 +1.00 
+1.00 +1.00 +1.00 +1.00 
+1.00 +1.00 +1.00 +1.00 
A_02_00_00_02 with memory:0x855ba0 lead_dim:12 has contents:
+1.00 +1.00 +1.00 +1.00 
+1.00 +1.00 +1.00 +1.00 
+1.00 +1.00 +1.00 +1.00 
+1.00 +1.00 +1.00 +1.00 
A_02_00_01_02 with memory:0x855c20 lead_dim:12 has contents:
+1.00 +1.00 +1.00 +1.00 
+1.00 +1.00 +1.00 +1.00 
+1.00 +1.00 +1.00 +1.00 
+1.00 +1.00 +1.00 +1.00 
A_02_00_02_02 with memory:0x855ca0 lead_dim:12 has contents:
+1.00 +1.00 +1.00 +1.00 
+1.00 +1.00 +1.00 +1.00 
+1.00 +1.00 +1.00 +1.00 
+1.00 +1.00 +1.00 +1.00 
A_03_00 has no memory allocated.
A_03_00,child cnt :9
A_03_00_00_00 has no memory allocated.
A_03_00_01_00 has no memory allocated.
A_03_00_02_00 has no memory allocated.
A_03_00_00_01 has no memory allocated.
A_03_00_01_01 has no memory allocated.
A_03_00_02_01 has no memory allocated.
A_03_00_00_02 has no memory allocated.
A_03_00_01_02 has no memory allocated.
A_03_00_02_02 has no memory allocated.
A_00_01 with memory:0x8547c0 lead_dim:12 has contents:
+1.00 +1.00 +1.00 +1.00 +1.00 +1.00 +1.00 +1.00 +1.00 +1.00 +1.00 +1.00 
+1.00 +1.00 +1.00 +1.00 +1.00 +1.00 +1.00 +1.00 +1.00 +1.00 +1.00 +1.00 
+1.00 +1.00 +1.00 +1.00 +1.00 +1.00 +1.00 +1.00 +1.00 +1.00 +1.00 +1.00 
+1.00 +1.00 +1.00 +1.00 +1.00 +1.00 +1.00 +1.00 +1.00 +1.00 +1.00 +1.00 
+1.00 +1.00 +1.00 +1.00 +1.00 +1.00 +1.00 +1.00 +1.00 +1.00 +1.00 +1.00 
+1.00 +1.00 +1.00 +1.00 +1.00 +1.00 +1.00 +1.00 +1.00 +1.00 +1.00 +1.00 
+1.00 +1.00 +1.00 +1.00 +1.00 +1.00 +1.00 +1.00 +1.00 +1.00 +1.00 +1.00 
+1.00 +1.00 +1.00 +1.00 +1.00 +1.00 +1.00 +1.00 +1.00 +1.00 +1.00 +1.00 
+1.00 +1.00 +1.00 +1.00 +1.00 +1.00 +1.00 +1.00 +1.00 +1.00 +1.00 +1.00 
+1.00 +1.00 +1.00 +1.00 +1.00 +1.00 +1.00 +1.00 +1.00 +1.00 +1.00 +1.00 
+1.00 +1.00 +1.00 +1.00 +1.00 +1.00 +1.00 +1.00 +1.00 +1.00 +1.00 +1.00 
+1.00 +1.00 +1.00 +1.00 +1.00 +1.00 +1.00 +1.00 +1.00 +1.00 +1.00 +1.00 
A_00_01,child cnt :9
A_00_01_00_00 with memory:0x8547c0 lead_dim:12 has contents:
+1.00 +1.00 +1.00 +1.00 
+1.00 +1.00 +1.00 +1.00 
+1.00 +1.00 +1.00 +1.00 
+1.00 +1.00 +1.00 +1.00 
A_00_01_01_00 with memory:0x854840 lead_dim:12 has contents:
+1.00 +1.00 +1.00 +1.00 
+1.00 +1.00 +1.00 +1.00 
+1.00 +1.00 +1.00 +1.00 
+1.00 +1.00 +1.00 +1.00 
A_00_01_02_00 with memory:0x8548c0 lead_dim:12 has contents:
+1.00 +1.00 +1.00 +1.00 
+1.00 +1.00 +1.00 +1.00 
+1.00 +1.00 +1.00 +1.00 
+1.00 +1.00 +1.00 +1.00 
A_00_01_00_01 with memory:0x854940 lead_dim:12 has contents:
+1.00 +1.00 +1.00 +1.00 
+1.00 +1.00 +1.00 +1.00 
+1.00 +1.00 +1.00 +1.00 
+1.00 +1.00 +1.00 +1.00 
A_00_01_01_01 with memory:0x8549c0 lead_dim:12 has contents:
+1.00 +1.00 +1.00 +1.00 
+1.00 +1.00 +1.00 +1.00 
+1.00 +1.00 +1.00 +1.00 
+1.00 +1.00 +1.00 +1.00 
A_00_01_02_01 with memory:0x854a40 lead_dim:12 has contents:
+1.00 +1.00 +1.00 +1.00 
+1.00 +1.00 +1.00 +1.00 
+1.00 +1.00 +1.00 +1.00 
+1.00 +1.00 +1.00 +1.00 
A_00_01_00_02 with memory:0x854ac0 lead_dim:12 has contents:
+1.00 +1.00 +1.00 +1.00 
+1.00 +1.00 +1.00 +1.00 
+1.00 +1.00 +1.00 +1.00 
+1.00 +1.00 +1.00 +1.00 
A_00_01_01_02 with memory:0x854b40 lead_dim:12 has contents:
+1.00 +1.00 +1.00 +1.00 
+1.00 +1.00 +1.00 +1.00 
+1.00 +1.00 +1.00 +1.00 
+1.00 +1.00 +1.00 +1.00 
A_00_01_02_02 with memory:0x854bc0 lead_dim:12 has contents:
+1.00 +1.00 +1.00 +1.00 
+1.00 +1.00 +1.00 +1.00 
+1.00 +1.00 +1.00 +1.00 
+1.00 +1.00 +1.00 +1.00 
A_01_01 has no memory allocated.
A_01_01,child cnt :9
A_01_01_00_00 has no memory allocated.
A_01_01_01_00 has no memory allocated.
A_01_01_02_00 has no memory allocated.
A_01_01_00_01 has no memory allocated.
A_01_01_01_01 has no memory allocated.
A_01_01_02_01 has no memory allocated.
A_01_01_00_02 has no memory allocated.
A_01_01_01_02 has no memory allocated.
A_01_01_02_02 has no memory allocated.
A_02_01 with memory:0x855e40 lead_dim:12 has contents:
+1.00 +1.00 +1.00 +1.00 +1.00 +1.00 +1.00 +1.00 +1.00 +1.00 +1.00 +1.00 
+1.00 +1.00 +1.00 +1.00 +1.00 +1.00 +1.00 +1.00 +1.00 +1.00 +1.00 +1.00 
+1.00 +1.00 +1.00 +1.00 +1.00 +1.00 +1.00 +1.00 +1.00 +1.00 +1.00 +1.00 
+1.00 +1.00 +1.00 +1.00 +1.00 +1.00 +1.00 +1.00 +1.00 +1.00 +1.00 +1.00 
+1.00 +1.00 +1.00 +1.00 +1.00 +1.00 +1.00 +1.00 +1.00 +1.00 +1.00 +1.00 
+1.00 +1.00 +1.00 +1.00 +1.00 +1.00 +1.00 +1.00 +1.00 +1.00 +1.00 +1.00 
+1.00 +1.00 +1.00 +1.00 +1.00 +1.00 +1.00 +1.00 +1.00 +1.00 +1.00 +1.00 
+1.00 +1.00 +1.00 +1.00 +1.00 +1.00 +1.00 +1.00 +1.00 +1.00 +1.00 +1.00 
+1.00 +1.00 +1.00 +1.00 +1.00 +1.00 +1.00 +1.00 +1.00 +1.00 +1.00 +1.00 
+1.00 +1.00 +1.00 +1.00 +1.00 +1.00 +1.00 +1.00 +1.00 +1.00 +1.00 +1.00 
+1.00 +1.00 +1.00 +1.00 +1.00 +1.00 +1.00 +1.00 +1.00 +1.00 +1.00 +1.00 
+1.00 +1.00 +1.00 +1.00 +1.00 +1.00 +1.00 +1.00 +1.00 +1.00 +1.00 +1.00 
A_02_01,child cnt :9
A_02_01_00_00 with memory:0x855e40 lead_dim:12 has contents:
+1.00 +1.00 +1.00 +1.00 
+1.00 +1.00 +1.00 +1.00 
+1.00 +1.00 +1.00 +1.00 
+1.00 +1.00 +1.00 +1.00 
A_02_01_01_00 with memory:0x855ec0 lead_dim:12 has contents:
+1.00 +1.00 +1.00 +1.00 
+1.00 +1.00 +1.00 +1.00 
+1.00 +1.00 +1.00 +1.00 
+1.00 +1.00 +1.00 +1.00 
A_02_01_02_00 with memory:0x855f40 lead_dim:12 has contents:
+1.00 +1.00 +1.00 +1.00 
+1.00 +1.00 +1.00 +1.00 
+1.00 +1.00 +1.00 +1.00 
+1.00 +1.00 +1.00 +1.00 
A_02_01_00_01 with memory:0x855fc0 lead_dim:12 has contents:
+1.00 +1.00 +1.00 +1.00 
+1.00 +1.00 +1.00 +1.00 
+1.00 +1.00 +1.00 +1.00 
+1.00 +1.00 +1.00 +1.00 
A_02_01_01_01 with memory:0x856040 lead_dim:12 has contents:
+1.00 +1.00 +1.00 +1.00 
+1.00 +1.00 +1.00 +1.00 
+1.00 +1.00 +1.00 +1.00 
+1.00 +1.00 +1.00 +1.00 
A_02_01_02_01 with memory:0x8560c0 lead_dim:12 has contents:
+1.00 +1.00 +1.00 +1.00 
+1.00 +1.00 +1.00 +1.00 
+1.00 +1.00 +1.00 +1.00 
+1.00 +1.00 +1.00 +1.00 
A_02_01_00_02 with memory:0x856140 lead_dim:12 has contents:
+1.00 +1.00 +1.00 +1.00 
+1.00 +1.00 +1.00 +1.00 
+1.00 +1.00 +1.00 +1.00 
+1.00 +1.00 +1.00 +1.00 
A_02_01_01_02 with memory:0x8561c0 lead_dim:12 has contents:
+1.00 +1.00 +1.00 +1.00 
+1.00 +1.00 +1.00 +1.00 
+1.00 +1.00 +1.00 +1.00 
+1.00 +1.00 +1.00 +1.00 
A_02_01_02_02 with memory:0x856240 lead_dim:12 has contents:
+1.00 +1.00 +1.00 +1.00 
+1.00 +1.00 +1.00 +1.00 
+1.00 +1.00 +1.00 +1.00 
+1.00 +1.00 +1.00 +1.00 
A_03_01 has no memory allocated.
A_03_01,child cnt :9
A_03_01_00_00 has no memory allocated.
A_03_01_01_00 has no memory allocated.
A_03_01_02_00 has no memory allocated.
A_03_01_00_01 has no memory allocated.
A_03_01_01_01 has no memory allocated.
A_03_01_02_01 has no memory allocated.
A_03_01_00_02 has no memory allocated.
A_03_01_01_02 has no memory allocated.
A_03_01_02_02 has no memory allocated.
A_00_02 with memory:0x854d60 lead_dim:12 has contents:
+1.00 +1.00 +1.00 +1.00 +1.00 +1.00 +1.00 +1.00 +1.00 +1.00 +1.00 +1.00 
+1.00 +1.00 +1.00 +1.00 +1.00 +1.00 +1.00 +1.00 +1.00 +1.00 +1.00 +1.00 
+1.00 +1.00 +1.00 +1.00 +1.00 +1.00 +1.00 +1.00 +1.00 +1.00 +1.00 +1.00 
+1.00 +1.00 +1.00 +1.00 +1.00 +1.00 +1.00 +1.00 +1.00 +1.00 +1.00 +1.00 
+1.00 +1.00 +1.00 +1.00 +1.00 +1.00 +1.00 +1.00 +1.00 +1.00 +1.00 +1.00 
+1.00 +1.00 +1.00 +1.00 +1.00 +1.00 +1.00 +1.00 +1.00 +1.00 +1.00 +1.00 
+1.00 +1.00 +1.00 +1.00 +1.00 +1.00 +1.00 +1.00 +1.00 +1.00 +1.00 +1.00 
+1.00 +1.00 +1.00 +1.00 +1.00 +1.00 +1.00 +1.00 +1.00 +1.00 +1.00 +1.00 
+1.00 +1.00 +1.00 +1.00 +1.00 +1.00 +1.00 +1.00 +1.00 +1.00 +1.00 +1.00 
+1.00 +1.00 +1.00 +1.00 +1.00 +1.00 +1.00 +1.00 +1.00 +1.00 +1.00 +1.00 
+1.00 +1.00 +1.00 +1.00 +1.00 +1.00 +1.00 +1.00 +1.00 +1.00 +1.00 +1.00 
+1.00 +1.00 +1.00 +1.00 +1.00 +1.00 +1.00 +1.00 +1.00 +1.00 +1.00 +1.00 
A_00_02,child cnt :9
A_00_02_00_00 with memory:0x854d60 lead_dim:12 has contents:
+1.00 +1.00 +1.00 +1.00 
+1.00 +1.00 +1.00 +1.00 
+1.00 +1.00 +1.00 +1.00 
+1.00 +1.00 +1.00 +1.00 
A_00_02_01_00 with memory:0x854de0 lead_dim:12 has contents:
+1.00 +1.00 +1.00 +1.00 
+1.00 +1.00 +1.00 +1.00 
+1.00 +1.00 +1.00 +1.00 
+1.00 +1.00 +1.00 +1.00 
A_00_02_02_00 with memory:0x854e60 lead_dim:12 has contents:
+1.00 +1.00 +1.00 +1.00 
+1.00 +1.00 +1.00 +1.00 
+1.00 +1.00 +1.00 +1.00 
+1.00 +1.00 +1.00 +1.00 
A_00_02_00_01 with memory:0x854ee0 lead_dim:12 has contents:
+1.00 +1.00 +1.00 +1.00 
+1.00 +1.00 +1.00 +1.00 
+1.00 +1.00 +1.00 +1.00 
+1.00 +1.00 +1.00 +1.00 
A_00_02_01_01 with memory:0x854f60 lead_dim:12 has contents:
+1.00 +1.00 +1.00 +1.00 
+1.00 +1.00 +1.00 +1.00 
+1.00 +1.00 +1.00 +1.00 
+1.00 +1.00 +1.00 +1.00 
A_00_02_02_01 with memory:0x854fe0 lead_dim:12 has contents:
+1.00 +1.00 +1.00 +1.00 
+1.00 +1.00 +1.00 +1.00 
+1.00 +1.00 +1.00 +1.00 
+1.00 +1.00 +1.00 +1.00 
A_00_02_00_02 with memory:0x855060 lead_dim:12 has contents:
+1.00 +1.00 +1.00 +1.00 
+1.00 +1.00 +1.00 +1.00 
+1.00 +1.00 +1.00 +1.00 
+1.00 +1.00 +1.00 +1.00 
A_00_02_01_02 with memory:0x8550e0 lead_dim:12 has contents:
+1.00 +1.00 +1.00 +1.00 
+1.00 +1.00 +1.00 +1.00 
+1.00 +1.00 +1.00 +1.00 
+1.00 +1.00 +1.00 +1.00 
A_00_02_02_02 with memory:0x855160 lead_dim:12 has contents:
+1.00 +1.00 +1.00 +1.00 
+1.00 +1.00 +1.00 +1.00 
+1.00 +1.00 +1.00 +1.00 
+1.00 +1.00 +1.00 +1.00 
A_01_02 has no memory allocated.
A_01_02,child cnt :9
A_01_02_00_00 has no memory allocated.
A_01_02_01_00 has no memory allocated.
A_01_02_02_00 has no memory allocated.
A_01_02_00_01 has no memory allocated.
A_01_02_01_01 has no memory allocated.
A_01_02_02_01 has no memory allocated.
A_01_02_00_02 has no memory allocated.
A_01_02_01_02 has no memory allocated.
A_01_02_02_02 has no memory allocated.
A_02_02 with memory:0x8563e0 lead_dim:12 has contents:
+1.00 +1.00 +1.00 +1.00 +1.00 +1.00 +1.00 +1.00 +1.00 +1.00 +1.00 +1.00 
+1.00 +1.00 +1.00 +1.00 +1.00 +1.00 +1.00 +1.00 +1.00 +1.00 +1.00 +1.00 
+1.00 +1.00 +1.00 +1.00 +1.00 +1.00 +1.00 +1.00 +1.00 +1.00 +1.00 +1.00 
+1.00 +1.00 +1.00 +1.00 +1.00 +1.00 +1.00 +1.00 +1.00 +1.00 +1.00 +1.00 
+1.00 +1.00 +1.00 +1.00 +1.00 +1.00 +1.00 +1.00 +1.00 +1.00 +1.00 +1.00 
+1.00 +1.00 +1.00 +1.00 +1.00 +1.00 +1.00 +1.00 +1.00 +1.00 +1.00 +1.00 
+1.00 +1.00 +1.00 +1.00 +1.00 +1.00 +1.00 +1.00 +1.00 +1.00 +1.00 +1.00 
+1.00 +1.00 +1.00 +1.00 +1.00 +1.00 +1.00 +1.00 +1.00 +1.00 +1.00 +1.00 
+1.00 +1.00 +1.00 +1.00 +1.00 +1.00 +1.00 +1.00 +1.00 +1.00 +1.00 +1.00 
+1.00 +1.00 +1.00 +1.00 +1.00 +1.00 +1.00 +1.00 +1.00 +1.00 +1.00 +1.00 
+1.00 +1.00 +1.00 +1.00 +1.00 +1.00 +1.00 +1.00 +1.00 +1.00 +1.00 +1.00 
+1.00 +1.00 +1.00 +1.00 +1.00 +1.00 +1.00 +1.00 +1.00 +1.00 +1.00 +1.00 
A_02_02,child cnt :9
A_02_02_00_00 with memory:0x8563e0 lead_dim:12 has contents:
+1.00 +1.00 +1.00 +1.00 
+1.00 +1.00 +1.00 +1.00 
+1.00 +1.00 +1.00 +1.00 
+1.00 +1.00 +1.00 +1.00 
A_02_02_01_00 with memory:0x856460 lead_dim:12 has contents:
+1.00 +1.00 +1.00 +1.00 
+1.00 +1.00 +1.00 +1.00 
+1.00 +1.00 +1.00 +1.00 
+1.00 +1.00 +1.00 +1.00 
A_02_02_02_00 with memory:0x8564e0 lead_dim:12 has contents:
+1.00 +1.00 +1.00 +1.00 
+1.00 +1.00 +1.00 +1.00 
+1.00 +1.00 +1.00 +1.00 
+1.00 +1.00 +1.00 +1.00 
A_02_02_00_01 with memory:0x856560 lead_dim:12 has contents:
+1.00 +1.00 +1.00 +1.00 
+1.00 +1.00 +1.00 +1.00 
+1.00 +1.00 +1.00 +1.00 
+1.00 +1.00 +1.00 +1.00 
A_02_02_01_01 with memory:0x8565e0 lead_dim:12 has contents:
+1.00 +1.00 +1.00 +1.00 
+1.00 +1.00 +1.00 +1.00 
+1.00 +1.00 +1.00 +1.00 
+1.00 +1.00 +1.00 +1.00 
A_02_02_02_01 with memory:0x856660 lead_dim:12 has contents:
+1.00 +1.00 +1.00 +1.00 
+1.00 +1.00 +1.00 +1.00 
+1.00 +1.00 +1.00 +1.00 
+1.00 +1.00 +1.00 +1.00 
A_02_02_00_02 with memory:0x8566e0 lead_dim:12 has contents:
+1.00 +1.00 +1.00 +1.00 
+1.00 +1.00 +1.00 +1.00 
+1.00 +1.00 +1.00 +1.00 
+1.00 +1.00 +1.00 +1.00 
A_02_02_01_02 with memory:0x856760 lead_dim:12 has contents:
+1.00 +1.00 +1.00 +1.00 
+1.00 +1.00 +1.00 +1.00 
+1.00 +1.00 +1.00 +1.00 
+1.00 +1.00 +1.00 +1.00 
A_02_02_02_02 with memory:0x8567e0 lead_dim:12 has contents:
+1.00 +1.00 +1.00 +1.00 
+1.00 +1.00 +1.00 +1.00 
+1.00 +1.00 +1.00 +1.00 
+1.00 +1.00 +1.00 +1.00 
A_03_02 has no memory allocated.
A_03_02,child cnt :9
A_03_02_00_00 has no memory allocated.
A_03_02_01_00 has no memory allocated.
A_03_02_02_00 has no memory allocated.
A_03_02_00_01 has no memory allocated.
A_03_02_01_01 has no memory allocated.
A_03_02_02_01 has no memory allocated.
A_03_02_00_02 has no memory allocated.
A_03_02_01_02 has no memory allocated.
A_03_02_02_02 has no memory allocated.
A_00_03 with memory:0x855300 lead_dim:12 has contents:
+1.00 +1.00 +1.00 +1.00 +1.00 +1.00 +1.00 +1.00 +1.00 +1.00 +1.00 +1.00 
+1.00 +1.00 +1.00 +1.00 +1.00 +1.00 +1.00 +1.00 +1.00 +1.00 +1.00 +1.00 
+1.00 +1.00 +1.00 +1.00 +1.00 +1.00 +1.00 +1.00 +1.00 +1.00 +1.00 +1.00 
+1.00 +1.00 +1.00 +1.00 +1.00 +1.00 +1.00 +1.00 +1.00 +1.00 +1.00 +1.00 
+1.00 +1.00 +1.00 +1.00 +1.00 +1.00 +1.00 +1.00 +1.00 +1.00 +1.00 +1.00 
+1.00 +1.00 +1.00 +1.00 +1.00 +1.00 +1.00 +1.00 +1.00 +1.00 +1.00 +1.00 
+1.00 +1.00 +1.00 +1.00 +1.00 +1.00 +1.00 +1.00 +1.00 +1.00 +1.00 +1.00 
+1.00 +1.00 +1.00 +1.00 +1.00 +1.00 +1.00 +1.00 +1.00 +1.00 +1.00 +1.00 
+1.00 +1.00 +1.00 +1.00 +1.00 +1.00 +1.00 +1.00 +1.00 +1.00 +1.00 +1.00 
+1.00 +1.00 +1.00 +1.00 +1.00 +1.00 +1.00 +1.00 +1.00 +1.00 +1.00 +1.00 
+1.00 +1.00 +1.00 +1.00 +1.00 +1.00 +1.00 +1.00 +1.00 +1.00 +1.00 +1.00 
+1.00 +1.00 +1.00 +1.00 +1.00 +1.00 +1.00 +1.00 +1.00 +1.00 +1.00 +1.00 
A_00_03,child cnt :9
A_00_03_00_00 with memory:0x855300 lead_dim:12 has contents:
+1.00 +1.00 +1.00 +1.00 
+1.00 +1.00 +1.00 +1.00 
+1.00 +1.00 +1.00 +1.00 
+1.00 +1.00 +1.00 +1.00 
A_00_03_01_00 with memory:0x855380 lead_dim:12 has contents:
+1.00 +1.00 +1.00 +1.00 
+1.00 +1.00 +1.00 +1.00 
+1.00 +1.00 +1.00 +1.00 
+1.00 +1.00 +1.00 +1.00 
A_00_03_02_00 with memory:0x855400 lead_dim:12 has contents:
+1.00 +1.00 +1.00 +1.00 
+1.00 +1.00 +1.00 +1.00 
+1.00 +1.00 +1.00 +1.00 
+1.00 +1.00 +1.00 +1.00 
A_00_03_00_01 with memory:0x855480 lead_dim:12 has contents:
+1.00 +1.00 +1.00 +1.00 
+1.00 +1.00 +1.00 +1.00 
+1.00 +1.00 +1.00 +1.00 
+1.00 +1.00 +1.00 +1.00 
A_00_03_01_01 with memory:0x855500 lead_dim:12 has contents:
+1.00 +1.00 +1.00 +1.00 
+1.00 +1.00 +1.00 +1.00 
+1.00 +1.00 +1.00 +1.00 
+1.00 +1.00 +1.00 +1.00 
A_00_03_02_01 with memory:0x855580 lead_dim:12 has contents:
+1.00 +1.00 +1.00 +1.00 
+1.00 +1.00 +1.00 +1.00 
+1.00 +1.00 +1.00 +1.00 
+1.00 +1.00 +1.00 +1.00 
A_00_03_00_02 with memory:0x855600 lead_dim:12 has contents:
+1.00 +1.00 +1.00 +1.00 
+1.00 +1.00 +1.00 +1.00 
+1.00 +1.00 +1.00 +1.00 
+1.00 +1.00 +1.00 +1.00 
A_00_03_01_02 with memory:0x855680 lead_dim:12 has contents:
+1.00 +1.00 +1.00 +1.00 
+1.00 +1.00 +1.00 +1.00 
+1.00 +1.00 +1.00 +1.00 
+1.00 +1.00 +1.00 +1.00 
A_00_03_02_02 with memory:0x855700 lead_dim:12 has contents:
+1.00 +1.00 +1.00 +1.00 
+1.00 +1.00 +1.00 +1.00 
+1.00 +1.00 +1.00 +1.00 
+1.00 +1.00 +1.00 +1.00 
A_01_03 has no memory allocated.
A_01_03,child cnt :9
A_01_03_00_00 has no memory allocated.
A_01_03_01_00 has no memory allocated.
A_01_03_02_00 has no memory allocated.
A_01_03_00_01 has no memory allocated.
A_01_03_01_01 has no memory allocated.
A_01_03_02_01 has no memory allocated.
A_01_03_00_02 has no memory allocated.
A_01_03_01_02 has no memory allocated.
A_01_03_02_02 has no memory allocated.
A_02_03 with memory:0x856980 lead_dim:12 has contents:
+1.00 +1.00 +1.00 +1.00 +1.00 +1.00 +1.00 +1.00 +1.00 +1.00 +1.00 +1.00 
+1.00 +1.00 +1.00 +1.00 +1.00 +1.00 +1.00 +1.00 +1.00 +1.00 +1.00 +1.00 
+1.00 +1.00 +1.00 +1.00 +1.00 +1.00 +1.00 +1.00 +1.00 +1.00 +1.00 +1.00 
+1.00 +1.00 +1.00 +1.00 +1.00 +1.00 +1.00 +1.00 +1.00 +1.00 +1.00 +1.00 
+1.00 +1.00 +1.00 +1.00 +1.00 +1.00 +1.00 +1.00 +1.00 +1.00 +1.00 +1.00 
+1.00 +1.00 +1.00 +1.00 +1.00 +1.00 +1.00 +1.00 +1.00 +1.00 +1.00 +1.00 
+1.00 +1.00 +1.00 +1.00 +1.00 +1.00 +1.00 +1.00 +1.00 +1.00 +1.00 +1.00 
+1.00 +1.00 +1.00 +1.00 +1.00 +1.00 +1.00 +1.00 +1.00 +1.00 +1.00 +1.00 
+1.00 +1.00 +1.00 +1.00 +1.00 +1.00 +1.00 +1.00 +1.00 +1.00 +1.00 +1.00 
+1.00 +1.00 +1.00 +1.00 +1.00 +1.00 +1.00 +1.00 +1.00 +1.00 +1.00 +1.00 
+1.00 +1.00 +1.00 +1.00 +1.00 +1.00 +1.00 +1.00 +1.00 +1.00 +1.00 +1.00 
+1.00 +1.00 +1.00 +1.00 +1.00 +1.00 +1.00 +1.00 +1.00 +1.00 +1.00 +1.00 
A_02_03,child cnt :9
A_02_03_00_00 with memory:0x856980 lead_dim:12 has contents:
+1.00 +1.00 +1.00 +1.00 
+1.00 +1.00 +1.00 +1.00 
+1.00 +1.00 +1.00 +1.00 
+1.00 +1.00 +1.00 +1.00 
A_02_03_01_00 with memory:0x856a00 lead_dim:12 has contents:
+1.00 +1.00 +1.00 +1.00 
+1.00 +1.00 +1.00 +1.00 
+1.00 +1.00 +1.00 +1.00 
+1.00 +1.00 +1.00 +1.00 
A_02_03_02_00 with memory:0x856a80 lead_dim:12 has contents:
+1.00 +1.00 +1.00 +1.00 
+1.00 +1.00 +1.00 +1.00 
+1.00 +1.00 +1.00 +1.00 
+1.00 +1.00 +1.00 +1.00 
A_02_03_00_01 with memory:0x856b00 lead_dim:12 has contents:
+1.00 +1.00 +1.00 +1.00 
+1.00 +1.00 +1.00 +1.00 
+1.00 +1.00 +1.00 +1.00 
+1.00 +1.00 +1.00 +1.00 
A_02_03_01_01 with memory:0x856b80 lead_dim:12 has contents:
+1.00 +1.00 +1.00 +1.00 
+1.00 +1.00 +1.00 +1.00 
+1.00 +1.00 +1.00 +1.00 
+1.00 +1.00 +1.00 +1.00 
A_02_03_02_01 with memory:0x856c00 lead_dim:12 has contents:
+1.00 +1.00 +1.00 +1.00 
+1.00 +1.00 +1.00 +1.00 
+1.00 +1.00 +1.00 +1.00 
+1.00 +1.00 +1.00 +1.00 
A_02_03_00_02 with memory:0x856c80 lead_dim:12 has contents:
+1.00 +1.00 +1.00 +1.00 
+1.00 +1.00 +1.00 +1.00 
+1.00 +1.00 +1.00 +1.00 
+1.00 +1.00 +1.00 +1.00 
A_02_03_01_02 with memory:0x856d00 lead_dim:12 has contents:
+1.00 +1.00 +1.00 +1.00 
+1.00 +1.00 +1.00 +1.00 
+1.00 +1.00 +1.00 +1.00 
+1.00 +1.00 +1.00 +1.00 
A_02_03_02_02 with memory:0x856d80 lead_dim:12 has contents:
+1.00 +1.00 +1.00 +1.00 
+1.00 +1.00 +1.00 +1.00 
+1.00 +1.00 +1.00 +1.00 
+1.00 +1.00 +1.00 +1.00 
A_03_03 has no memory allocated.
A_03_03,child cnt :9
A_03_03_00_00 has no memory allocated.
A_03_03_01_00 has no memory allocated.
A_03_03_02_00 has no memory allocated.
A_03_03_00_01 has no memory allocated.
A_03_03_01_01 has no memory allocated.
A_03_03_02_01 has no memory allocated.
A_03_03_00_02 has no memory allocated.
A_03_03_01_02 has no memory allocated.
A_03_03_02_02 has no memory allocated.
B,child cnt :16
B_00_00 with memory:0x856f20 lead_dim:12 has contents:
+2.00 +2.00 +2.00 +2.00 +2.00 +2.00 +2.00 +2.00 +2.00 +2.00 +2.00 +2.00 
+2.00 +2.00 +2.00 +2.00 +2.00 +2.00 +2.00 +2.00 +2.00 +2.00 +2.00 +2.00 
+2.00 +2.00 +2.00 +2.00 +2.00 +2.00 +2.00 +2.00 +2.00 +2.00 +2.00 +2.00 
+2.00 +2.00 +2.00 +2.00 +2.00 +2.00 +2.00 +2.00 +2.00 +2.00 +2.00 +2.00 
+2.00 +2.00 +2.00 +2.00 +2.00 +2.00 +2.00 +2.00 +2.00 +2.00 +2.00 +2.00 
+2.00 +2.00 +2.00 +2.00 +2.00 +2.00 +2.00 +2.00 +2.00 +2.00 +2.00 +2.00 
+2.00 +2.00 +2.00 +2.00 +2.00 +2.00 +2.00 +2.00 +2.00 +2.00 +2.00 +2.00 
+2.00 +2.00 +2.00 +2.00 +2.00 +2.00 +2.00 +2.00 +2.00 +2.00 +2.00 +2.00 
+2.00 +2.00 +2.00 +2.00 +2.00 +2.00 +2.00 +2.00 +2.00 +2.00 +2.00 +2.00 
+2.00 +2.00 +2.00 +2.00 +2.00 +2.00 +2.00 +2.00 +2.00 +2.00 +2.00 +2.00 
+2.00 +2.00 +2.00 +2.00 +2.00 +2.00 +2.00 +2.00 +2.00 +2.00 +2.00 +2.00 
+2.00 +2.00 +2.00 +2.00 +2.00 +2.00 +2.00 +2.00 +2.00 +2.00 +2.00 +2.00 
B_00_00,child cnt :9
B_00_00_00_00 with memory:0x856f20 lead_dim:12 has contents:
+2.00 +2.00 +2.00 +2.00 
+2.00 +2.00 +2.00 +2.00 
+2.00 +2.00 +2.00 +2.00 
+2.00 +2.00 +2.00 +2.00 
B_00_00_01_00 with memory:0x856fa0 lead_dim:12 has contents:
+2.00 +2.00 +2.00 +2.00 
+2.00 +2.00 +2.00 +2.00 
+2.00 +2.00 +2.00 +2.00 
+2.00 +2.00 +2.00 +2.00 
B_00_00_02_00 with memory:0x857020 lead_dim:12 has contents:
+2.00 +2.00 +2.00 +2.00 
+2.00 +2.00 +2.00 +2.00 
+2.00 +2.00 +2.00 +2.00 
+2.00 +2.00 +2.00 +2.00 
B_00_00_00_01 with memory:0x8570a0 lead_dim:12 has contents:
+2.00 +2.00 +2.00 +2.00 
+2.00 +2.00 +2.00 +2.00 
+2.00 +2.00 +2.00 +2.00 
+2.00 +2.00 +2.00 +2.00 
B_00_00_01_01 with memory:0x857120 lead_dim:12 has contents:
+2.00 +2.00 +2.00 +2.00 
+2.00 +2.00 +2.00 +2.00 
+2.00 +2.00 +2.00 +2.00 
+2.00 +2.00 +2.00 +2.00 
B_00_00_02_01 with memory:0x8571a0 lead_dim:12 has contents:
+2.00 +2.00 +2.00 +2.00 
+2.00 +2.00 +2.00 +2.00 
+2.00 +2.00 +2.00 +2.00 
+2.00 +2.00 +2.00 +2.00 
B_00_00_00_02 with memory:0x857220 lead_dim:12 has contents:
+2.00 +2.00 +2.00 +2.00 
+2.00 +2.00 +2.00 +2.00 
+2.00 +2.00 +2.00 +2.00 
+2.00 +2.00 +2.00 +2.00 
B_00_00_01_02 with memory:0x8572a0 lead_dim:12 has contents:
+2.00 +2.00 +2.00 +2.00 
+2.00 +2.00 +2.00 +2.00 
+2.00 +2.00 +2.00 +2.00 
+2.00 +2.00 +2.00 +2.00 
B_00_00_02_02 with memory:0x857320 lead_dim:12 has contents:
+2.00 +2.00 +2.00 +2.00 
+2.00 +2.00 +2.00 +2.00 
+2.00 +2.00 +2.00 +2.00 
+2.00 +2.00 +2.00 +2.00 
B_01_00 with memory:0x8e8860 lead_dim:48 has contents:
+2.00 +2.00 +2.00 +2.00 +2.00 +2.00 +2.00 +2.00 +2.00 +2.00 +2.00 +2.00 
+2.00 +2.00 +2.00 +2.00 +2.00 +2.00 +2.00 +2.00 +2.00 +2.00 +2.00 +2.00 
+2.00 +2.00 +2.00 +2.00 +2.00 +2.00 +2.00 +2.00 +2.00 +2.00 +2.00 +2.00 
+2.00 +2.00 +2.00 +2.00 +2.00 +2.00 +2.00 +2.00 +2.00 +2.00 +2.00 +2.00 
+2.00 +2.00 +2.00 +2.00 +2.00 +2.00 +2.00 +2.00 +2.00 +2.00 +2.00 +2.00 
+2.00 +2.00 +2.00 +2.00 +2.00 +2.00 +2.00 +2.00 +2.00 +2.00 +2.00 +2.00 
+2.00 +2.00 +2.00 +2.00 +2.00 +2.00 +2.00 +2.00 +2.00 +2.00 +2.00 +2.00 
+2.00 +2.00 +2.00 +2.00 +2.00 +2.00 +2.00 +2.00 +2.00 +2.00 +2.00 +2.00 
+2.00 +2.00 +2.00 +2.00 +2.00 +2.00 +2.00 +2.00 +2.00 +2.00 +2.00 +2.00 
+2.00 +2.00 +2.00 +2.00 +2.00 +2.00 +2.00 +2.00 +2.00 +2.00 +2.00 +2.00 
+2.00 +2.00 +2.00 +2.00 +2.00 +2.00 +2.00 +2.00 +2.00 +2.00 +2.00 +2.00 
+2.00 +2.00 +2.00 +2.00 +2.00 +2.00 +2.00 +2.00 +2.00 +2.00 +2.00 +2.00 
B_01_00,child cnt :9
B_01_00_00_00 with memory:0x8e8860 lead_dim:48 has contents:
+2.00 +2.00 +2.00 +2.00 
+2.00 +2.00 +2.00 +2.00 
+2.00 +2.00 +2.00 +2.00 
+2.00 +2.00 +2.00 +2.00 
B_01_00_01_00 with memory:0x8e88e0 lead_dim:48 has contents:
+2.00 +2.00 +2.00 +2.00 
+2.00 +2.00 +2.00 +2.00 
+2.00 +2.00 +2.00 +2.00 
+2.00 +2.00 +2.00 +2.00 
B_01_00_02_00 with memory:0x8e8960 lead_dim:48 has contents:
+2.00 +2.00 +2.00 +2.00 
+2.00 +2.00 +2.00 +2.00 
+2.00 +2.00 +2.00 +2.00 
+2.00 +2.00 +2.00 +2.00 
B_01_00_00_01 with memory:0x8e89e0 lead_dim:48 has contents:
+2.00 +2.00 +2.00 +2.00 
+2.00 +2.00 +2.00 +2.00 
+2.00 +2.00 +2.00 +2.00 
+2.00 +2.00 +2.00 +2.00 
B_01_00_01_01 with memory:0x8e8a60 lead_dim:48 has contents:
+2.00 +2.00 +2.00 +2.00 
+2.00 +2.00 +2.00 +2.00 
+2.00 +2.00 +2.00 +2.00 
+2.00 +2.00 +2.00 +2.00 
B_01_00_02_01 with memory:0x8e8ae0 lead_dim:48 has contents:
+2.00 +2.00 +2.00 +2.00 
+2.00 +2.00 +2.00 +2.00 
+2.00 +2.00 +2.00 +2.00 
+2.00 +2.00 +2.00 +2.00 
B_01_00_00_02 with memory:0x8e8b60 lead_dim:48 has contents:
+2.00 +2.00 +2.00 +2.00 
+2.00 +2.00 +2.00 +2.00 
+2.00 +2.00 +2.00 +2.00 
+2.00 +2.00 +2.00 +2.00 
B_01_00_01_02 with memory:0x8e8be0 lead_dim:48 has contents:
+2.00 +2.00 +2.00 +2.00 
+2.00 +2.00 +2.00 +2.00 
+2.00 +2.00 +2.00 +2.00 
+2.00 +2.00 +2.00 +2.00 
B_01_00_02_02 with memory:0x8e8c60 lead_dim:48 has contents:
+2.00 +2.00 +2.00 +2.00 
+2.00 +2.00 +2.00 +2.00 
+2.00 +2.00 +2.00 +2.00 
+2.00 +2.00 +2.00 +2.00 
B_02_00 with memory:0x8585a0 lead_dim:12 has contents:
+2.00 +2.00 +2.00 +2.00 +2.00 +2.00 +2.00 +2.00 +2.00 +2.00 +2.00 +2.00 
+2.00 +2.00 +2.00 +2.00 +2.00 +2.00 +2.00 +2.00 +2.00 +2.00 +2.00 +2.00 
+2.00 +2.00 +2.00 +2.00 +2.00 +2.00 +2.00 +2.00 +2.00 +2.00 +2.00 +2.00 
+2.00 +2.00 +2.00 +2.00 +2.00 +2.00 +2.00 +2.00 +2.00 +2.00 +2.00 +2.00 
+2.00 +2.00 +2.00 +2.00 +2.00 +2.00 +2.00 +2.00 +2.00 +2.00 +2.00 +2.00 
+2.00 +2.00 +2.00 +2.00 +2.00 +2.00 +2.00 +2.00 +2.00 +2.00 +2.00 +2.00 
+2.00 +2.00 +2.00 +2.00 +2.00 +2.00 +2.00 +2.00 +2.00 +2.00 +2.00 +2.00 
+2.00 +2.00 +2.00 +2.00 +2.00 +2.00 +2.00 +2.00 +2.00 +2.00 +2.00 +2.00 
+2.00 +2.00 +2.00 +2.00 +2.00 +2.00 +2.00 +2.00 +2.00 +2.00 +2.00 +2.00 
+2.00 +2.00 +2.00 +2.00 +2.00 +2.00 +2.00 +2.00 +2.00 +2.00 +2.00 +2.00 
+2.00 +2.00 +2.00 +2.00 +2.00 +2.00 +2.00 +2.00 +2.00 +2.00 +2.00 +2.00 
+2.00 +2.00 +2.00 +2.00 +2.00 +2.00 +2.00 +2.00 +2.00 +2.00 +2.00 +2.00 
B_02_00,child cnt :9
B_02_00_00_00 with memory:0x8585a0 lead_dim:12 has contents:
+2.00 +2.00 +2.00 +2.00 
+2.00 +2.00 +2.00 +2.00 
+2.00 +2.00 +2.00 +2.00 
+2.00 +2.00 +2.00 +2.00 
B_02_00_01_00 with memory:0x858620 lead_dim:12 has contents:
+2.00 +2.00 +2.00 +2.00 
+2.00 +2.00 +2.00 +2.00 
+2.00 +2.00 +2.00 +2.00 
+2.00 +2.00 +2.00 +2.00 
B_02_00_02_00 with memory:0x8586a0 lead_dim:12 has contents:
+2.00 +2.00 +2.00 +2.00 
+2.00 +2.00 +2.00 +2.00 
+2.00 +2.00 +2.00 +2.00 
+2.00 +2.00 +2.00 +2.00 
B_02_00_00_01 with memory:0x858720 lead_dim:12 has contents:
+2.00 +2.00 +2.00 +2.00 
+2.00 +2.00 +2.00 +2.00 
+2.00 +2.00 +2.00 +2.00 
+2.00 +2.00 +2.00 +2.00 
B_02_00_01_01 with memory:0x8587a0 lead_dim:12 has contents:
+2.00 +2.00 +2.00 +2.00 
+2.00 +2.00 +2.00 +2.00 
+2.00 +2.00 +2.00 +2.00 
+2.00 +2.00 +2.00 +2.00 
B_02_00_02_01 with memory:0x858820 lead_dim:12 has contents:
+2.00 +2.00 +2.00 +2.00 
+2.00 +2.00 +2.00 +2.00 
+2.00 +2.00 +2.00 +2.00 
+2.00 +2.00 +2.00 +2.00 
B_02_00_00_02 with memory:0x8588a0 lead_dim:12 has contents:
+2.00 +2.00 +2.00 +2.00 
+2.00 +2.00 +2.00 +2.00 
+2.00 +2.00 +2.00 +2.00 
+2.00 +2.00 +2.00 +2.00 
B_02_00_01_02 with memory:0x858920 lead_dim:12 has contents:
+2.00 +2.00 +2.00 +2.00 
+2.00 +2.00 +2.00 +2.00 
+2.00 +2.00 +2.00 +2.00 
+2.00 +2.00 +2.00 +2.00 
B_02_00_02_02 with memory:0x8589a0 lead_dim:12 has contents:
+2.00 +2.00 +2.00 +2.00 
+2.00 +2.00 +2.00 +2.00 
+2.00 +2.00 +2.00 +2.00 
+2.00 +2.00 +2.00 +2.00 
B_03_00 with memory:0x91fbe0 lead_dim:48 has contents:
+2.00 +2.00 +2.00 +2.00 +2.00 +2.00 +2.00 +2.00 +2.00 +2.00 +2.00 +2.00 
+2.00 +2.00 +2.00 +2.00 +2.00 +2.00 +2.00 +2.00 +2.00 +2.00 +2.00 +2.00 
+2.00 +2.00 +2.00 +2.00 +2.00 +2.00 +2.00 +2.00 +2.00 +2.00 +2.00 +2.00 
+2.00 +2.00 +2.00 +2.00 +2.00 +2.00 +2.00 +2.00 +2.00 +2.00 +2.00 +2.00 
+2.00 +2.00 +2.00 +2.00 +2.00 +2.00 +2.00 +2.00 +2.00 +2.00 +2.00 +2.00 
+2.00 +2.00 +2.00 +2.00 +2.00 +2.00 +2.00 +2.00 +2.00 +2.00 +2.00 +2.00 
+2.00 +2.00 +2.00 +2.00 +2.00 +2.00 +2.00 +2.00 +2.00 +2.00 +2.00 +2.00 
+2.00 +2.00 +2.00 +2.00 +2.00 +2.00 +2.00 +2.00 +2.00 +2.00 +2.00 +2.00 
+2.00 +2.00 +2.00 +2.00 +2.00 +2.00 +2.00 +2.00 +2.00 +2.00 +2.00 +2.00 
+2.00 +2.00 +2.00 +2.00 +2.00 +2.00 +2.00 +2.00 +2.00 +2.00 +2.00 +2.00 
+2.00 +2.00 +2.00 +2.00 +2.00 +2.00 +2.00 +2.00 +2.00 +2.00 +2.00 +2.00 
+2.00 +2.00 +2.00 +2.00 +2.00 +2.00 +2.00 +2.00 +2.00 +2.00 +2.00 +2.00 
B_03_00,child cnt :9
B_03_00_00_00 with memory:0x91fbe0 lead_dim:48 has contents:
+2.00 +2.00 +2.00 +2.00 
+2.00 +2.00 +2.00 +2.00 
+2.00 +2.00 +2.00 +2.00 
+2.00 +2.00 +2.00 +2.00 
B_03_00_01_00 with memory:0x91fc60 lead_dim:48 has contents:
+2.00 +2.00 +2.00 +2.00 
+2.00 +2.00 +2.00 +2.00 
+2.00 +2.00 +2.00 +2.00 
+2.00 +2.00 +2.00 +2.00 
B_03_00_02_00 with memory:0x91fce0 lead_dim:48 has contents:
+2.00 +2.00 +2.00 +2.00 
+2.00 +2.00 +2.00 +2.00 
+2.00 +2.00 +2.00 +2.00 
+2.00 +2.00 +2.00 +2.00 
B_03_00_00_01 with memory:0x91fd60 lead_dim:48 has contents:
+2.00 +2.00 +2.00 +2.00 
+2.00 +2.00 +2.00 +2.00 
+2.00 +2.00 +2.00 +2.00 
+2.00 +2.00 +2.00 +2.00 
B_03_00_01_01 with memory:0x91fde0 lead_dim:48 has contents:
+2.00 +2.00 +2.00 +2.00 
+2.00 +2.00 +2.00 +2.00 
+2.00 +2.00 +2.00 +2.00 
+2.00 +2.00 +2.00 +2.00 
B_03_00_02_01 with memory:0x91fe60 lead_dim:48 has contents:
+2.00 +2.00 +2.00 +2.00 
+2.00 +2.00 +2.00 +2.00 
+2.00 +2.00 +2.00 +2.00 
+2.00 +2.00 +2.00 +2.00 
B_03_00_00_02 with memory:0x91fee0 lead_dim:48 has contents:
+2.00 +2.00 +2.00 +2.00 
+2.00 +2.00 +2.00 +2.00 
+2.00 +2.00 +2.00 +2.00 
+2.00 +2.00 +2.00 +2.00 
B_03_00_01_02 with memory:0x91ff60 lead_dim:48 has contents:
+2.00 +2.00 +2.00 +2.00 
+2.00 +2.00 +2.00 +2.00 
+2.00 +2.00 +2.00 +2.00 
+2.00 +2.00 +2.00 +2.00 
B_03_00_02_02 with memory:0x91ffe0 lead_dim:48 has contents:
+2.00 +2.00 +2.00 +2.00 
+2.00 +2.00 +2.00 +2.00 
+2.00 +2.00 +2.00 +2.00 
+2.00 +2.00 +2.00 +2.00 
B_00_01 with memory:0x8574c0 lead_dim:12 has contents:
+2.00 +2.00 +2.00 +2.00 +2.00 +2.00 +2.00 +2.00 +2.00 +2.00 +2.00 +2.00 
+2.00 +2.00 +2.00 +2.00 +2.00 +2.00 +2.00 +2.00 +2.00 +2.00 +2.00 +2.00 
+2.00 +2.00 +2.00 +2.00 +2.00 +2.00 +2.00 +2.00 +2.00 +2.00 +2.00 +2.00 
+2.00 +2.00 +2.00 +2.00 +2.00 +2.00 +2.00 +2.00 +2.00 +2.00 +2.00 +2.00 
+2.00 +2.00 +2.00 +2.00 +2.00 +2.00 +2.00 +2.00 +2.00 +2.00 +2.00 +2.00 
+2.00 +2.00 +2.00 +2.00 +2.00 +2.00 +2.00 +2.00 +2.00 +2.00 +2.00 +2.00 
+2.00 +2.00 +2.00 +2.00 +2.00 +2.00 +2.00 +2.00 +2.00 +2.00 +2.00 +2.00 
+2.00 +2.00 +2.00 +2.00 +2.00 +2.00 +2.00 +2.00 +2.00 +2.00 +2.00 +2.00 
+2.00 +2.00 +2.00 +2.00 +2.00 +2.00 +2.00 +2.00 +2.00 +2.00 +2.00 +2.00 
+2.00 +2.00 +2.00 +2.00 +2.00 +2.00 +2.00 +2.00 +2.00 +2.00 +2.00 +2.00 
+2.00 +2.00 +2.00 +2.00 +2.00 +2.00 +2.00 +2.00 +2.00 +2.00 +2.00 +2.00 
+2.00 +2.00 +2.00 +2.00 +2.00 +2.00 +2.00 +2.00 +2.00 +2.00 +2.00 +2.00 
B_00_01,child cnt :9
B_00_01_00_00 with memory:0x8574c0 lead_dim:12 has contents:
+2.00 +2.00 +2.00 +2.00 
+2.00 +2.00 +2.00 +2.00 
+2.00 +2.00 +2.00 +2.00 
+2.00 +2.00 +2.00 +2.00 
B_00_01_01_00 with memory:0x857540 lead_dim:12 has contents:
+2.00 +2.00 +2.00 +2.00 
+2.00 +2.00 +2.00 +2.00 
+2.00 +2.00 +2.00 +2.00 
+2.00 +2.00 +2.00 +2.00 
B_00_01_02_00 with memory:0x8575c0 lead_dim:12 has contents:
+2.00 +2.00 +2.00 +2.00 
+2.00 +2.00 +2.00 +2.00 
+2.00 +2.00 +2.00 +2.00 
+2.00 +2.00 +2.00 +2.00 
B_00_01_00_01 with memory:0x857640 lead_dim:12 has contents:
+2.00 +2.00 +2.00 +2.00 
+2.00 +2.00 +2.00 +2.00 
+2.00 +2.00 +2.00 +2.00 
+2.00 +2.00 +2.00 +2.00 
B_00_01_01_01 with memory:0x8576c0 lead_dim:12 has contents:
+2.00 +2.00 +2.00 +2.00 
+2.00 +2.00 +2.00 +2.00 
+2.00 +2.00 +2.00 +2.00 
+2.00 +2.00 +2.00 +2.00 
B_00_01_02_01 with memory:0x857740 lead_dim:12 has contents:
+2.00 +2.00 +2.00 +2.00 
+2.00 +2.00 +2.00 +2.00 
+2.00 +2.00 +2.00 +2.00 
+2.00 +2.00 +2.00 +2.00 
B_00_01_00_02 with memory:0x8577c0 lead_dim:12 has contents:
+2.00 +2.00 +2.00 +2.00 
+2.00 +2.00 +2.00 +2.00 
+2.00 +2.00 +2.00 +2.00 
+2.00 +2.00 +2.00 +2.00 
B_00_01_01_02 with memory:0x857840 lead_dim:12 has contents:
+2.00 +2.00 +2.00 +2.00 
+2.00 +2.00 +2.00 +2.00 
+2.00 +2.00 +2.00 +2.00 
+2.00 +2.00 +2.00 +2.00 
B_00_01_02_02 with memory:0x8578c0 lead_dim:12 has contents:
+2.00 +2.00 +2.00 +2.00 
+2.00 +2.00 +2.00 +2.00 
+2.00 +2.00 +2.00 +2.00 
+2.00 +2.00 +2.00 +2.00 
B_01_01 with memory:0x920180 lead_dim:48 has contents:
+2.00 +2.00 +2.00 +2.00 +2.00 +2.00 +2.00 +2.00 +2.00 +2.00 +2.00 +2.00 
+2.00 +2.00 +2.00 +2.00 +2.00 +2.00 +2.00 +2.00 +2.00 +2.00 +2.00 +2.00 
+2.00 +2.00 +2.00 +2.00 +2.00 +2.00 +2.00 +2.00 +2.00 +2.00 +2.00 +2.00 
+2.00 +2.00 +2.00 +2.00 +2.00 +2.00 +2.00 +2.00 +2.00 +2.00 +2.00 +2.00 
+2.00 +2.00 +2.00 +2.00 +2.00 +2.00 +2.00 +2.00 +2.00 +2.00 +2.00 +2.00 
+2.00 +2.00 +2.00 +2.00 +2.00 +2.00 +2.00 +2.00 +2.00 +2.00 +2.00 +2.00 
+2.00 +2.00 +2.00 +2.00 +2.00 +2.00 +2.00 +2.00 +2.00 +2.00 +2.00 +2.00 
+2.00 +2.00 +2.00 +2.00 +2.00 +2.00 +2.00 +2.00 +2.00 +2.00 +2.00 +2.00 
+2.00 +2.00 +2.00 +2.00 +2.00 +2.00 +2.00 +2.00 +2.00 +2.00 +2.00 +2.00 
+2.00 +2.00 +2.00 +2.00 +2.00 +2.00 +2.00 +2.00 +2.00 +2.00 +2.00 +2.00 
+2.00 +2.00 +2.00 +2.00 +2.00 +2.00 +2.00 +2.00 +2.00 +2.00 +2.00 +2.00 
+2.00 +2.00 +2.00 +2.00 +2.00 +2.00 +2.00 +2.00 +2.00 +2.00 +2.00 +2.00 
B_01_01,child cnt :9
B_01_01_00_00 with memory:0x920180 lead_dim:48 has contents:
+2.00 +2.00 +2.00 +2.00 
+2.00 +2.00 +2.00 +2.00 
+2.00 +2.00 +2.00 +2.00 
+2.00 +2.00 +2.00 +2.00 
B_01_01_01_00 with memory:0x920200 lead_dim:48 has contents:
+2.00 +2.00 +2.00 +2.00 
+2.00 +2.00 +2.00 +2.00 
+2.00 +2.00 +2.00 +2.00 
+2.00 +2.00 +2.00 +2.00 
B_01_01_02_00 with memory:0x920280 lead_dim:48 has contents:
+2.00 +2.00 +2.00 +2.00 
+2.00 +2.00 +2.00 +2.00 
+2.00 +2.00 +2.00 +2.00 
+2.00 +2.00 +2.00 +2.00 
B_01_01_00_01 with memory:0x920300 lead_dim:48 has contents:
+2.00 +2.00 +2.00 +2.00 
+2.00 +2.00 +2.00 +2.00 
+2.00 +2.00 +2.00 +2.00 
+2.00 +2.00 +2.00 +2.00 
B_01_01_01_01 with memory:0x920380 lead_dim:48 has contents:
+2.00 +2.00 +2.00 +2.00 
+2.00 +2.00 +2.00 +2.00 
+2.00 +2.00 +2.00 +2.00 
+2.00 +2.00 +2.00 +2.00 
B_01_01_02_01 with memory:0x920400 lead_dim:48 has contents:
+2.00 +2.00 +2.00 +2.00 
+2.00 +2.00 +2.00 +2.00 
+2.00 +2.00 +2.00 +2.00 
+2.00 +2.00 +2.00 +2.00 
B_01_01_00_02 with memory:0x920480 lead_dim:48 has contents:
+2.00 +2.00 +2.00 +2.00 
+2.00 +2.00 +2.00 +2.00 
+2.00 +2.00 +2.00 +2.00 
+2.00 +2.00 +2.00 +2.00 
B_01_01_01_02 with memory:0x920500 lead_dim:48 has contents:
+2.00 +2.00 +2.00 +2.00 
+2.00 +2.00 +2.00 +2.00 
+2.00 +2.00 +2.00 +2.00 
+2.00 +2.00 +2.00 +2.00 
B_01_01_02_02 with memory:0x920580 lead_dim:48 has contents:
+2.00 +2.00 +2.00 +2.00 
+2.00 +2.00 +2.00 +2.00 
+2.00 +2.00 +2.00 +2.00 
+2.00 +2.00 +2.00 +2.00 
B_02_01 with memory:0x858b40 lead_dim:12 has contents:
+2.00 +2.00 +2.00 +2.00 +2.00 +2.00 +2.00 +2.00 +2.00 +2.00 +2.00 +2.00 
+2.00 +2.00 +2.00 +2.00 +2.00 +2.00 +2.00 +2.00 +2.00 +2.00 +2.00 +2.00 
+2.00 +2.00 +2.00 +2.00 +2.00 +2.00 +2.00 +2.00 +2.00 +2.00 +2.00 +2.00 
+2.00 +2.00 +2.00 +2.00 +2.00 +2.00 +2.00 +2.00 +2.00 +2.00 +2.00 +2.00 
+2.00 +2.00 +2.00 +2.00 +2.00 +2.00 +2.00 +2.00 +2.00 +2.00 +2.00 +2.00 
+2.00 +2.00 +2.00 +2.00 +2.00 +2.00 +2.00 +2.00 +2.00 +2.00 +2.00 +2.00 
+2.00 +2.00 +2.00 +2.00 +2.00 +2.00 +2.00 +2.00 +2.00 +2.00 +2.00 +2.00 
+2.00 +2.00 +2.00 +2.00 +2.00 +2.00 +2.00 +2.00 +2.00 +2.00 +2.00 +2.00 
+2.00 +2.00 +2.00 +2.00 +2.00 +2.00 +2.00 +2.00 +2.00 +2.00 +2.00 +2.00 
+2.00 +2.00 +2.00 +2.00 +2.00 +2.00 +2.00 +2.00 +2.00 +2.00 +2.00 +2.00 
+2.00 +2.00 +2.00 +2.00 +2.00 +2.00 +2.00 +2.00 +2.00 +2.00 +2.00 +2.00 
+2.00 +2.00 +2.00 +2.00 +2.00 +2.00 +2.00 +2.00 +2.00 +2.00 +2.00 +2.00 
B_02_01,child cnt :9
B_02_01_00_00 with memory:0x858b40 lead_dim:12 has contents:
+2.00 +2.00 +2.00 +2.00 
+2.00 +2.00 +2.00 +2.00 
+2.00 +2.00 +2.00 +2.00 
+2.00 +2.00 +2.00 +2.00 
B_02_01_01_00 with memory:0x858bc0 lead_dim:12 has contents:
+2.00 +2.00 +2.00 +2.00 
+2.00 +2.00 +2.00 +2.00 
+2.00 +2.00 +2.00 +2.00 
+2.00 +2.00 +2.00 +2.00 
B_02_01_02_00 with memory:0x858c40 lead_dim:12 has contents:
+2.00 +2.00 +2.00 +2.00 
+2.00 +2.00 +2.00 +2.00 
+2.00 +2.00 +2.00 +2.00 
+2.00 +2.00 +2.00 +2.00 
B_02_01_00_01 with memory:0x858cc0 lead_dim:12 has contents:
+2.00 +2.00 +2.00 +2.00 
+2.00 +2.00 +2.00 +2.00 
+2.00 +2.00 +2.00 +2.00 
+2.00 +2.00 +2.00 +2.00 
B_02_01_01_01 with memory:0x858d40 lead_dim:12 has contents:
+2.00 +2.00 +2.00 +2.00 
+2.00 +2.00 +2.00 +2.00 
+2.00 +2.00 +2.00 +2.00 
+2.00 +2.00 +2.00 +2.00 
B_02_01_02_01 with memory:0x858dc0 lead_dim:12 has contents:
+2.00 +2.00 +2.00 +2.00 
+2.00 +2.00 +2.00 +2.00 
+2.00 +2.00 +2.00 +2.00 
+2.00 +2.00 +2.00 +2.00 
B_02_01_00_02 with memory:0x858e40 lead_dim:12 has contents:
+2.00 +2.00 +2.00 +2.00 
+2.00 +2.00 +2.00 +2.00 
+2.00 +2.00 +2.00 +2.00 
+2.00 +2.00 +2.00 +2.00 
B_02_01_01_02 with memory:0x858ec0 lead_dim:12 has contents:
+2.00 +2.00 +2.00 +2.00 
+2.00 +2.00 +2.00 +2.00 
+2.00 +2.00 +2.00 +2.00 
+2.00 +2.00 +2.00 +2.00 
B_02_01_02_02 with memory:0x858f40 lead_dim:12 has contents:
+2.00 +2.00 +2.00 +2.00 
+2.00 +2.00 +2.00 +2.00 
+2.00 +2.00 +2.00 +2.00 
+2.00 +2.00 +2.00 +2.00 
B_03_01 with memory:0x920720 lead_dim:48 has contents:
+2.00 +2.00 +2.00 +2.00 +2.00 +2.00 +2.00 +2.00 +2.00 +2.00 +2.00 +2.00 
+2.00 +2.00 +2.00 +2.00 +2.00 +2.00 +2.00 +2.00 +2.00 +2.00 +2.00 +2.00 
+2.00 +2.00 +2.00 +2.00 +2.00 +2.00 +2.00 +2.00 +2.00 +2.00 +2.00 +2.00 
+2.00 +2.00 +2.00 +2.00 +2.00 +2.00 +2.00 +2.00 +2.00 +2.00 +2.00 +2.00 
+2.00 +2.00 +2.00 +2.00 +2.00 +2.00 +2.00 +2.00 +2.00 +2.00 +2.00 +2.00 
+2.00 +2.00 +2.00 +2.00 +2.00 +2.00 +2.00 +2.00 +2.00 +2.00 +2.00 +2.00 
+2.00 +2.00 +2.00 +2.00 +2.00 +2.00 +2.00 +2.00 +2.00 +2.00 +2.00 +2.00 
+2.00 +2.00 +2.00 +2.00 +2.00 +2.00 +2.00 +2.00 +2.00 +2.00 +2.00 +2.00 
+2.00 +2.00 +2.00 +2.00 +2.00 +2.00 +2.00 +2.00 +2.00 +2.00 +2.00 +2.00 
+2.00 +2.00 +2.00 +2.00 +2.00 +2.00 +2.00 +2.00 +2.00 +2.00 +2.00 +2.00 
+2.00 +2.00 +2.00 +2.00 +2.00 +2.00 +2.00 +2.00 +2.00 +2.00 +2.00 +2.00 
+2.00 +2.00 +2.00 +2.00 +2.00 +2.00 +2.00 +2.00 +2.00 +2.00 +2.00 +2.00 
B_03_01,child cnt :9
B_03_01_00_00 with memory:0x920720 lead_dim:48 has contents:
+2.00 +2.00 +2.00 +2.00 
+2.00 +2.00 +2.00 +2.00 
+2.00 +2.00 +2.00 +2.00 
+2.00 +2.00 +2.00 +2.00 
B_03_01_01_00 with memory:0x9207a0 lead_dim:48 has contents:
+2.00 +2.00 +2.00 +2.00 
+2.00 +2.00 +2.00 +2.00 
+2.00 +2.00 +2.00 +2.00 
+2.00 +2.00 +2.00 +2.00 
B_03_01_02_00 with memory:0x920820 lead_dim:48 has contents:
+2.00 +2.00 +2.00 +2.00 
+2.00 +2.00 +2.00 +2.00 
+2.00 +2.00 +2.00 +2.00 
+2.00 +2.00 +2.00 +2.00 
B_03_01_00_01 with memory:0x9208a0 lead_dim:48 has contents:
+2.00 +2.00 +2.00 +2.00 
+2.00 +2.00 +2.00 +2.00 
+2.00 +2.00 +2.00 +2.00 
+2.00 +2.00 +2.00 +2.00 
B_03_01_01_01 with memory:0x920920 lead_dim:48 has contents:
+2.00 +2.00 +2.00 +2.00 
+2.00 +2.00 +2.00 +2.00 
+2.00 +2.00 +2.00 +2.00 
+2.00 +2.00 +2.00 +2.00 
B_03_01_02_01 with memory:0x9209a0 lead_dim:48 has contents:
+2.00 +2.00 +2.00 +2.00 
+2.00 +2.00 +2.00 +2.00 
+2.00 +2.00 +2.00 +2.00 
+2.00 +2.00 +2.00 +2.00 
B_03_01_00_02 with memory:0x920a20 lead_dim:48 has contents:
+2.00 +2.00 +2.00 +2.00 
+2.00 +2.00 +2.00 +2.00 
+2.00 +2.00 +2.00 +2.00 
+2.00 +2.00 +2.00 +2.00 
B_03_01_01_02 with memory:0x920aa0 lead_dim:48 has contents:
+2.00 +2.00 +2.00 +2.00 
+2.00 +2.00 +2.00 +2.00 
+2.00 +2.00 +2.00 +2.00 
+2.00 +2.00 +2.00 +2.00 
B_03_01_02_02 with memory:0x920b20 lead_dim:48 has contents:
+2.00 +2.00 +2.00 +2.00 
+2.00 +2.00 +2.00 +2.00 
+2.00 +2.00 +2.00 +2.00 
+2.00 +2.00 +2.00 +2.00 
B_00_02 with memory:0x857a60 lead_dim:12 has contents:
+2.00 +2.00 +2.00 +2.00 +2.00 +2.00 +2.00 +2.00 +2.00 +2.00 +2.00 +2.00 
+2.00 +2.00 +2.00 +2.00 +2.00 +2.00 +2.00 +2.00 +2.00 +2.00 +2.00 +2.00 
+2.00 +2.00 +2.00 +2.00 +2.00 +2.00 +2.00 +2.00 +2.00 +2.00 +2.00 +2.00 
+2.00 +2.00 +2.00 +2.00 +2.00 +2.00 +2.00 +2.00 +2.00 +2.00 +2.00 +2.00 
+2.00 +2.00 +2.00 +2.00 +2.00 +2.00 +2.00 +2.00 +2.00 +2.00 +2.00 +2.00 
+2.00 +2.00 +2.00 +2.00 +2.00 +2.00 +2.00 +2.00 +2.00 +2.00 +2.00 +2.00 
+2.00 +2.00 +2.00 +2.00 +2.00 +2.00 +2.00 +2.00 +2.00 +2.00 +2.00 +2.00 
+2.00 +2.00 +2.00 +2.00 +2.00 +2.00 +2.00 +2.00 +2.00 +2.00 +2.00 +2.00 
+2.00 +2.00 +2.00 +2.00 +2.00 +2.00 +2.00 +2.00 +2.00 +2.00 +2.00 +2.00 
+2.00 +2.00 +2.00 +2.00 +2.00 +2.00 +2.00 +2.00 +2.00 +2.00 +2.00 +2.00 
+2.00 +2.00 +2.00 +2.00 +2.00 +2.00 +2.00 +2.00 +2.00 +2.00 +2.00 +2.00 
+2.00 +2.00 +2.00 +2.00 +2.00 +2.00 +2.00 +2.00 +2.00 +2.00 +2.00 +2.00 
B_00_02,child cnt :9
B_00_02_00_00 with memory:0x857a60 lead_dim:12 has contents:
+2.00 +2.00 +2.00 +2.00 
+2.00 +2.00 +2.00 +2.00 
+2.00 +2.00 +2.00 +2.00 
+2.00 +2.00 +2.00 +2.00 
B_00_02_01_00 with memory:0x857ae0 lead_dim:12 has contents:
+2.00 +2.00 +2.00 +2.00 
+2.00 +2.00 +2.00 +2.00 
+2.00 +2.00 +2.00 +2.00 
+2.00 +2.00 +2.00 +2.00 
B_00_02_02_00 with memory:0x857b60 lead_dim:12 has contents:
+2.00 +2.00 +2.00 +2.00 
+2.00 +2.00 +2.00 +2.00 
+2.00 +2.00 +2.00 +2.00 
+2.00 +2.00 +2.00 +2.00 
B_00_02_00_01 with memory:0x857be0 lead_dim:12 has contents:
+2.00 +2.00 +2.00 +2.00 
+2.00 +2.00 +2.00 +2.00 
+2.00 +2.00 +2.00 +2.00 
+2.00 +2.00 +2.00 +2.00 
B_00_02_01_01 with memory:0x857c60 lead_dim:12 has contents:
+2.00 +2.00 +2.00 +2.00 
+2.00 +2.00 +2.00 +2.00 
+2.00 +2.00 +2.00 +2.00 
+2.00 +2.00 +2.00 +2.00 
B_00_02_02_01 with memory:0x857ce0 lead_dim:12 has contents:
+2.00 +2.00 +2.00 +2.00 
+2.00 +2.00 +2.00 +2.00 
+2.00 +2.00 +2.00 +2.00 
+2.00 +2.00 +2.00 +2.00 
B_00_02_00_02 with memory:0x857d60 lead_dim:12 has contents:
+2.00 +2.00 +2.00 +2.00 
+2.00 +2.00 +2.00 +2.00 
+2.00 +2.00 +2.00 +2.00 
+2.00 +2.00 +2.00 +2.00 
B_00_02_01_02 with memory:0x857de0 lead_dim:12 has contents:
+2.00 +2.00 +2.00 +2.00 
+2.00 +2.00 +2.00 +2.00 
+2.00 +2.00 +2.00 +2.00 
+2.00 +2.00 +2.00 +2.00 
B_00_02_02_02 with memory:0x857e60 lead_dim:12 has contents:
+2.00 +2.00 +2.00 +2.00 
+2.00 +2.00 +2.00 +2.00 
+2.00 +2.00 +2.00 +2.00 
+2.00 +2.00 +2.00 +2.00 
B_01_02 with memory:0x920cc0 lead_dim:48 has contents:
+2.00 +2.00 +2.00 +2.00 +2.00 +2.00 +2.00 +2.00 +2.00 +2.00 +2.00 +2.00 
+2.00 +2.00 +2.00 +2.00 +2.00 +2.00 +2.00 +2.00 +2.00 +2.00 +2.00 +2.00 
+2.00 +2.00 +2.00 +2.00 +2.00 +2.00 +2.00 +2.00 +2.00 +2.00 +2.00 +2.00 
+2.00 +2.00 +2.00 +2.00 +2.00 +2.00 +2.00 +2.00 +2.00 +2.00 +2.00 +2.00 
+2.00 +2.00 +2.00 +2.00 +2.00 +2.00 +2.00 +2.00 +2.00 +2.00 +2.00 +2.00 
+2.00 +2.00 +2.00 +2.00 +2.00 +2.00 +2.00 +2.00 +2.00 +2.00 +2.00 +2.00 
+2.00 +2.00 +2.00 +2.00 +2.00 +2.00 +2.00 +2.00 +2.00 +2.00 +2.00 +2.00 
+2.00 +2.00 +2.00 +2.00 +2.00 +2.00 +2.00 +2.00 +2.00 +2.00 +2.00 +2.00 
+2.00 +2.00 +2.00 +2.00 +2.00 +2.00 +2.00 +2.00 +2.00 +2.00 +2.00 +2.00 
+2.00 +2.00 +2.00 +2.00 +2.00 +2.00 +2.00 +2.00 +2.00 +2.00 +2.00 +2.00 
+2.00 +2.00 +2.00 +2.00 +2.00 +2.00 +2.00 +2.00 +2.00 +2.00 +2.00 +2.00 
+2.00 +2.00 +2.00 +2.00 +2.00 +2.00 +2.00 +2.00 +2.00 +2.00 +2.00 +2.00 
B_01_02,child cnt :9
B_01_02_00_00 with memory:0x920cc0 lead_dim:48 has contents:
+2.00 +2.00 +2.00 +2.00 
+2.00 +2.00 +2.00 +2.00 
+2.00 +2.00 +2.00 +2.00 
+2.00 +2.00 +2.00 +2.00 
B_01_02_01_00 with memory:0x920d40 lead_dim:48 has contents:
+2.00 +2.00 +2.00 +2.00 
+2.00 +2.00 +2.00 +2.00 
+2.00 +2.00 +2.00 +2.00 
+2.00 +2.00 +2.00 +2.00 
B_01_02_02_00 with memory:0x920dc0 lead_dim:48 has contents:
+2.00 +2.00 +2.00 +2.00 
+2.00 +2.00 +2.00 +2.00 
+2.00 +2.00 +2.00 +2.00 
+2.00 +2.00 +2.00 +2.00 
B_01_02_00_01 with memory:0x920e40 lead_dim:48 has contents:
+2.00 +2.00 +2.00 +2.00 
+2.00 +2.00 +2.00 +2.00 
+2.00 +2.00 +2.00 +2.00 
+2.00 +2.00 +2.00 +2.00 
B_01_02_01_01 with memory:0x920ec0 lead_dim:48 has contents:
+2.00 +2.00 +2.00 +2.00 
+2.00 +2.00 +2.00 +2.00 
+2.00 +2.00 +2.00 +2.00 
+2.00 +2.00 +2.00 +2.00 
B_01_02_02_01 with memory:0x920f40 lead_dim:48 has contents:
+2.00 +2.00 +2.00 +2.00 
+2.00 +2.00 +2.00 +2.00 
+2.00 +2.00 +2.00 +2.00 
+2.00 +2.00 +2.00 +2.00 
B_01_02_00_02 with memory:0x920fc0 lead_dim:48 has contents:
+2.00 +2.00 +2.00 +2.00 
+2.00 +2.00 +2.00 +2.00 
+2.00 +2.00 +2.00 +2.00 
+2.00 +2.00 +2.00 +2.00 
B_01_02_01_02 with memory:0x921040 lead_dim:48 has contents:
+2.00 +2.00 +2.00 +2.00 
+2.00 +2.00 +2.00 +2.00 
+2.00 +2.00 +2.00 +2.00 
+2.00 +2.00 +2.00 +2.00 
B_01_02_02_02 with memory:0x9210c0 lead_dim:48 has contents:
+2.00 +2.00 +2.00 +2.00 
+2.00 +2.00 +2.00 +2.00 
+2.00 +2.00 +2.00 +2.00 
+2.00 +2.00 +2.00 +2.00 
B_02_02 with memory:0x8590e0 lead_dim:12 has contents:
+2.00 +2.00 +2.00 +2.00 +2.00 +2.00 +2.00 +2.00 +2.00 +2.00 +2.00 +2.00 
+2.00 +2.00 +2.00 +2.00 +2.00 +2.00 +2.00 +2.00 +2.00 +2.00 +2.00 +2.00 
+2.00 +2.00 +2.00 +2.00 +2.00 +2.00 +2.00 +2.00 +2.00 +2.00 +2.00 +2.00 
+2.00 +2.00 +2.00 +2.00 +2.00 +2.00 +2.00 +2.00 +2.00 +2.00 +2.00 +2.00 
+2.00 +2.00 +2.00 +2.00 +2.00 +2.00 +2.00 +2.00 +2.00 +2.00 +2.00 +2.00 
+2.00 +2.00 +2.00 +2.00 +2.00 +2.00 +2.00 +2.00 +2.00 +2.00 +2.00 +2.00 
+2.00 +2.00 +2.00 +2.00 +2.00 +2.00 +2.00 +2.00 +2.00 +2.00 +2.00 +2.00 
+2.00 +2.00 +2.00 +2.00 +2.00 +2.00 +2.00 +2.00 +2.00 +2.00 +2.00 +2.00 
+2.00 +2.00 +2.00 +2.00 +2.00 +2.00 +2.00 +2.00 +2.00 +2.00 +2.00 +2.00 
+2.00 +2.00 +2.00 +2.00 +2.00 +2.00 +2.00 +2.00 +2.00 +2.00 +2.00 +2.00 
+2.00 +2.00 +2.00 +2.00 +2.00 +2.00 +2.00 +2.00 +2.00 +2.00 +2.00 +2.00 
+2.00 +2.00 +2.00 +2.00 +2.00 +2.00 +2.00 +2.00 +2.00 +2.00 +2.00 +2.00 
B_02_02,child cnt :9
B_02_02_00_00 with memory:0x8590e0 lead_dim:12 has contents:
+2.00 +2.00 +2.00 +2.00 
+2.00 +2.00 +2.00 +2.00 
+2.00 +2.00 +2.00 +2.00 
+2.00 +2.00 +2.00 +2.00 
B_02_02_01_00 with memory:0x859160 lead_dim:12 has contents:
+2.00 +2.00 +2.00 +2.00 
+2.00 +2.00 +2.00 +2.00 
+2.00 +2.00 +2.00 +2.00 
+2.00 +2.00 +2.00 +2.00 
B_02_02_02_00 with memory:0x8591e0 lead_dim:12 has contents:
+2.00 +2.00 +2.00 +2.00 
+2.00 +2.00 +2.00 +2.00 
+2.00 +2.00 +2.00 +2.00 
+2.00 +2.00 +2.00 +2.00 
B_02_02_00_01 with memory:0x859260 lead_dim:12 has contents:
+2.00 +2.00 +2.00 +2.00 
+2.00 +2.00 +2.00 +2.00 
+2.00 +2.00 +2.00 +2.00 
+2.00 +2.00 +2.00 +2.00 
B_02_02_01_01 with memory:0x8592e0 lead_dim:12 has contents:
+2.00 +2.00 +2.00 +2.00 
+2.00 +2.00 +2.00 +2.00 
+2.00 +2.00 +2.00 +2.00 
+2.00 +2.00 +2.00 +2.00 
B_02_02_02_01 with memory:0x859360 lead_dim:12 has contents:
+2.00 +2.00 +2.00 +2.00 
+2.00 +2.00 +2.00 +2.00 
+2.00 +2.00 +2.00 +2.00 
+2.00 +2.00 +2.00 +2.00 
B_02_02_00_02 with memory:0x8593e0 lead_dim:12 has contents:
+2.00 +2.00 +2.00 +2.00 
+2.00 +2.00 +2.00 +2.00 
+2.00 +2.00 +2.00 +2.00 
+2.00 +2.00 +2.00 +2.00 
B_02_02_01_02 with memory:0x859460 lead_dim:12 has contents:
+2.00 +2.00 +2.00 +2.00 
+2.00 +2.00 +2.00 +2.00 
+2.00 +2.00 +2.00 +2.00 
+2.00 +2.00 +2.00 +2.00 
B_02_02_02_02 with memory:0x8594e0 lead_dim:12 has contents:
+2.00 +2.00 +2.00 +2.00 
+2.00 +2.00 +2.00 +2.00 
+2.00 +2.00 +2.00 +2.00 
+2.00 +2.00 +2.00 +2.00 
B_03_02 with memory:0x921260 lead_dim:48 has contents:
+2.00 +2.00 +2.00 +2.00 +2.00 +2.00 +2.00 +2.00 +2.00 +2.00 +2.00 +2.00 
+2.00 +2.00 +2.00 +2.00 +2.00 +2.00 +2.00 +2.00 +2.00 +2.00 +2.00 +2.00 
+2.00 +2.00 +2.00 +2.00 +2.00 +2.00 +2.00 +2.00 +2.00 +2.00 +2.00 +2.00 
+2.00 +2.00 +2.00 +2.00 +2.00 +2.00 +2.00 +2.00 +2.00 +2.00 +2.00 +2.00 
+2.00 +2.00 +2.00 +2.00 +2.00 +2.00 +2.00 +2.00 +2.00 +2.00 +2.00 +2.00 
+2.00 +2.00 +2.00 +2.00 +2.00 +2.00 +2.00 +2.00 +2.00 +2.00 +2.00 +2.00 
+2.00 +2.00 +2.00 +2.00 +2.00 +2.00 +2.00 +2.00 +2.00 +2.00 +2.00 +2.00 
+2.00 +2.00 +2.00 +2.00 +2.00 +2.00 +2.00 +2.00 +2.00 +2.00 +2.00 +2.00 
+2.00 +2.00 +2.00 +2.00 +2.00 +2.00 +2.00 +2.00 +2.00 +2.00 +2.00 +2.00 
+2.00 +2.00 +2.00 +2.00 +2.00 +2.00 +2.00 +2.00 +2.00 +2.00 +2.00 +2.00 
+2.00 +2.00 +2.00 +2.00 +2.00 +2.00 +2.00 +2.00 +2.00 +2.00 +2.00 +2.00 
+2.00 +2.00 +2.00 +2.00 +2.00 +2.00 +2.00 +2.00 +2.00 +2.00 +2.00 +2.00 
B_03_02,child cnt :9
B_03_02_00_00 with memory:0x921260 lead_dim:48 has contents:
+2.00 +2.00 +2.00 +2.00 
+2.00 +2.00 +2.00 +2.00 
+2.00 +2.00 +2.00 +2.00 
+2.00 +2.00 +2.00 +2.00 
B_03_02_01_00 with memory:0x9212e0 lead_dim:48 has contents:
+2.00 +2.00 +2.00 +2.00 
+2.00 +2.00 +2.00 +2.00 
+2.00 +2.00 +2.00 +2.00 
+2.00 +2.00 +2.00 +2.00 
B_03_02_02_00 with memory:0x921360 lead_dim:48 has contents:
+2.00 +2.00 +2.00 +2.00 
+2.00 +2.00 +2.00 +2.00 
+2.00 +2.00 +2.00 +2.00 
+2.00 +2.00 +2.00 +2.00 
B_03_02_00_01 with memory:0x9213e0 lead_dim:48 has contents:
+2.00 +2.00 +2.00 +2.00 
+2.00 +2.00 +2.00 +2.00 
+2.00 +2.00 +2.00 +2.00 
+2.00 +2.00 +2.00 +2.00 
B_03_02_01_01 with memory:0x921460 lead_dim:48 has contents:
+2.00 +2.00 +2.00 +2.00 
+2.00 +2.00 +2.00 +2.00 
+2.00 +2.00 +2.00 +2.00 
+2.00 +2.00 +2.00 +2.00 
B_03_02_02_01 with memory:0x9214e0 lead_dim:48 has contents:
+2.00 +2.00 +2.00 +2.00 
+2.00 +2.00 +2.00 +2.00 
+2.00 +2.00 +2.00 +2.00 
+2.00 +2.00 +2.00 +2.00 
B_03_02_00_02 with memory:0x921560 lead_dim:48 has contents:
+2.00 +2.00 +2.00 +2.00 
+2.00 +2.00 +2.00 +2.00 
+2.00 +2.00 +2.00 +2.00 
+2.00 +2.00 +2.00 +2.00 
B_03_02_01_02 with memory:0x9215e0 lead_dim:48 has contents:
+2.00 +2.00 +2.00 +2.00 
+2.00 +2.00 +2.00 +2.00 
+2.00 +2.00 +2.00 +2.00 
+2.00 +2.00 +2.00 +2.00 
B_03_02_02_02 with memory:0x921660 lead_dim:48 has contents:
+2.00 +2.00 +2.00 +2.00 
+2.00 +2.00 +2.00 +2.00 
+2.00 +2.00 +2.00 +2.00 
+2.00 +2.00 +2.00 +2.00 
B_00_03 with memory:0x858000 lead_dim:12 has contents:
+2.00 +2.00 +2.00 +2.00 +2.00 +2.00 +2.00 +2.00 +2.00 +2.00 +2.00 +2.00 
+2.00 +2.00 +2.00 +2.00 +2.00 +2.00 +2.00 +2.00 +2.00 +2.00 +2.00 +2.00 
+2.00 +2.00 +2.00 +2.00 +2.00 +2.00 +2.00 +2.00 +2.00 +2.00 +2.00 +2.00 
+2.00 +2.00 +2.00 +2.00 +2.00 +2.00 +2.00 +2.00 +2.00 +2.00 +2.00 +2.00 
+2.00 +2.00 +2.00 +2.00 +2.00 +2.00 +2.00 +2.00 +2.00 +2.00 +2.00 +2.00 
+2.00 +2.00 +2.00 +2.00 +2.00 +2.00 +2.00 +2.00 +2.00 +2.00 +2.00 +2.00 
+2.00 +2.00 +2.00 +2.00 +2.00 +2.00 +2.00 +2.00 +2.00 +2.00 +2.00 +2.00 
+2.00 +2.00 +2.00 +2.00 +2.00 +2.00 +2.00 +2.00 +2.00 +2.00 +2.00 +2.00 
+2.00 +2.00 +2.00 +2.00 +2.00 +2.00 +2.00 +2.00 +2.00 +2.00 +2.00 +2.00 
+2.00 +2.00 +2.00 +2.00 +2.00 +2.00 +2.00 +2.00 +2.00 +2.00 +2.00 +2.00 
+2.00 +2.00 +2.00 +2.00 +2.00 +2.00 +2.00 +2.00 +2.00 +2.00 +2.00 +2.00 
+2.00 +2.00 +2.00 +2.00 +2.00 +2.00 +2.00 +2.00 +2.00 +2.00 +2.00 +2.00 
B_00_03,child cnt :9
B_00_03_00_00 with memory:0x858000 lead_dim:12 has contents:
+2.00 +2.00 +2.00 +2.00 
+2.00 +2.00 +2.00 +2.00 
+2.00 +2.00 +2.00 +2.00 
+2.00 +2.00 +2.00 +2.00 
B_00_03_01_00 with memory:0x858080 lead_dim:12 has contents:
+2.00 +2.00 +2.00 +2.00 
+2.00 +2.00 +2.00 +2.00 
+2.00 +2.00 +2.00 +2.00 
+2.00 +2.00 +2.00 +2.00 
B_00_03_02_00 with memory:0x858100 lead_dim:12 has contents:
+2.00 +2.00 +2.00 +2.00 
+2.00 +2.00 +2.00 +2.00 
+2.00 +2.00 +2.00 +2.00 
+2.00 +2.00 +2.00 +2.00 
B_00_03_00_01 with memory:0x858180 lead_dim:12 has contents:
+2.00 +2.00 +2.00 +2.00 
+2.00 +2.00 +2.00 +2.00 
+2.00 +2.00 +2.00 +2.00 
+2.00 +2.00 +2.00 +2.00 
B_00_03_01_01 with memory:0x858200 lead_dim:12 has contents:
+2.00 +2.00 +2.00 +2.00 
+2.00 +2.00 +2.00 +2.00 
+2.00 +2.00 +2.00 +2.00 
+2.00 +2.00 +2.00 +2.00 
B_00_03_02_01 with memory:0x858280 lead_dim:12 has contents:
+2.00 +2.00 +2.00 +2.00 
+2.00 +2.00 +2.00 +2.00 
+2.00 +2.00 +2.00 +2.00 
+2.00 +2.00 +2.00 +2.00 
B_00_03_00_02 with memory:0x858300 lead_dim:12 has contents:
+2.00 +2.00 +2.00 +2.00 
+2.00 +2.00 +2.00 +2.00 
+2.00 +2.00 +2.00 +2.00 
+2.00 +2.00 +2.00 +2.00 
B_00_03_01_02 with memory:0x858380 lead_dim:12 has contents:
+2.00 +2.00 +2.00 +2.00 
+2.00 +2.00 +2.00 +2.00 
+2.00 +2.00 +2.00 +2.00 
+2.00 +2.00 +2.00 +2.00 
B_00_03_02_02 with memory:0x858400 lead_dim:12 has contents:
+2.00 +2.00 +2.00 +2.00 
+2.00 +2.00 +2.00 +2.00 
+2.00 +2.00 +2.00 +2.00 
+2.00 +2.00 +2.00 +2.00 
B_01_03 with memory:0x921880 lead_dim:48 has contents:
+2.00 +2.00 +2.00 +2.00 +2.00 +2.00 +2.00 +2.00 +2.00 +2.00 +2.00 +2.00 
+2.00 +2.00 +2.00 +2.00 +2.00 +2.00 +2.00 +2.00 +2.00 +2.00 +2.00 +2.00 
+2.00 +2.00 +2.00 +2.00 +2.00 +2.00 +2.00 +2.00 +2.00 +2.00 +2.00 +2.00 
+2.00 +2.00 +2.00 +2.00 +2.00 +2.00 +2.00 +2.00 +2.00 +2.00 +2.00 +2.00 
+2.00 +2.00 +2.00 +2.00 +2.00 +2.00 +2.00 +2.00 +2.00 +2.00 +2.00 +2.00 
+2.00 +2.00 +2.00 +2.00 +2.00 +2.00 +2.00 +2.00 +2.00 +2.00 +2.00 +2.00 
+2.00 +2.00 +2.00 +2.00 +2.00 +2.00 +2.00 +2.00 +2.00 +2.00 +2.00 +2.00 
+2.00 +2.00 +2.00 +2.00 +2.00 +2.00 +2.00 +2.00 +2.00 +2.00 +2.00 +2.00 
+2.00 +2.00 +2.00 +2.00 +2.00 +2.00 +2.00 +2.00 +2.00 +2.00 +2.00 +2.00 
+2.00 +2.00 +2.00 +2.00 +2.00 +2.00 +2.00 +2.00 +2.00 +2.00 +2.00 +2.00 
+2.00 +2.00 +2.00 +2.00 +2.00 +2.00 +2.00 +2.00 +2.00 +2.00 +2.00 +2.00 
+2.00 +2.00 +2.00 +2.00 +2.00 +2.00 +2.00 +2.00 +2.00 +2.00 +2.00 +2.00 
B_01_03,child cnt :9
B_01_03_00_00 with memory:0x921880 lead_dim:48 has contents:
+2.00 +2.00 +2.00 +2.00 
+2.00 +2.00 +2.00 +2.00 
+2.00 +2.00 +2.00 +2.00 
+2.00 +2.00 +2.00 +2.00 
B_01_03_01_00 with memory:0x921900 lead_dim:48 has contents:
+2.00 +2.00 +2.00 +2.00 
+2.00 +2.00 +2.00 +2.00 
+2.00 +2.00 +2.00 +2.00 
+2.00 +2.00 +2.00 +2.00 
B_01_03_02_00 with memory:0x921980 lead_dim:48 has contents:
+2.00 +2.00 +2.00 +2.00 
+2.00 +2.00 +2.00 +2.00 
+2.00 +2.00 +2.00 +2.00 
+2.00 +2.00 +2.00 +2.00 
B_01_03_00_01 with memory:0x921a00 lead_dim:48 has contents:
+2.00 +2.00 +2.00 +2.00 
+2.00 +2.00 +2.00 +2.00 
+2.00 +2.00 +2.00 +2.00 
+2.00 +2.00 +2.00 +2.00 
B_01_03_01_01 with memory:0x921a80 lead_dim:48 has contents:
+2.00 +2.00 +2.00 +2.00 
+2.00 +2.00 +2.00 +2.00 
+2.00 +2.00 +2.00 +2.00 
+2.00 +2.00 +2.00 +2.00 
B_01_03_02_01 with memory:0x921b00 lead_dim:48 has contents:
+2.00 +2.00 +2.00 +2.00 
+2.00 +2.00 +2.00 +2.00 
+2.00 +2.00 +2.00 +2.00 
+2.00 +2.00 +2.00 +2.00 
B_01_03_00_02 with memory:0x921b80 lead_dim:48 has contents:
+2.00 +2.00 +2.00 +2.00 
+2.00 +2.00 +2.00 +2.00 
+2.00 +2.00 +2.00 +2.00 
+2.00 +2.00 +2.00 +2.00 
B_01_03_01_02 with memory:0x921c00 lead_dim:48 has contents:
+2.00 +2.00 +2.00 +2.00 
+2.00 +2.00 +2.00 +2.00 
+2.00 +2.00 +2.00 +2.00 
+2.00 +2.00 +2.00 +2.00 
B_01_03_02_02 with memory:0x921c80 lead_dim:48 has contents:
+2.00 +2.00 +2.00 +2.00 
+2.00 +2.00 +2.00 +2.00 
+2.00 +2.00 +2.00 +2.00 
+2.00 +2.00 +2.00 +2.00 
B_02_03 with memory:0x859680 lead_dim:12 has contents:
+2.00 +2.00 +2.00 +2.00 +2.00 +2.00 +2.00 +2.00 +2.00 +2.00 +2.00 +2.00 
+2.00 +2.00 +2.00 +2.00 +2.00 +2.00 +2.00 +2.00 +2.00 +2.00 +2.00 +2.00 
+2.00 +2.00 +2.00 +2.00 +2.00 +2.00 +2.00 +2.00 +2.00 +2.00 +2.00 +2.00 
+2.00 +2.00 +2.00 +2.00 +2.00 +2.00 +2.00 +2.00 +2.00 +2.00 +2.00 +2.00 
+2.00 +2.00 +2.00 +2.00 +2.00 +2.00 +2.00 +2.00 +2.00 +2.00 +2.00 +2.00 
+2.00 +2.00 +2.00 +2.00 +2.00 +2.00 +2.00 +2.00 +2.00 +2.00 +2.00 +2.00 
+2.00 +2.00 +2.00 +2.00 +2.00 +2.00 +2.00 +2.00 +2.00 +2.00 +2.00 +2.00 
+2.00 +2.00 +2.00 +2.00 +2.00 +2.00 +2.00 +2.00 +2.00 +2.00 +2.00 +2.00 
+2.00 +2.00 +2.00 +2.00 +2.00 +2.00 +2.00 +2.00 +2.00 +2.00 +2.00 +2.00 
+2.00 +2.00 +2.00 +2.00 +2.00 +2.00 +2.00 +2.00 +2.00 +2.00 +2.00 +2.00 
+2.00 +2.00 +2.00 +2.00 +2.00 +2.00 +2.00 +2.00 +2.00 +2.00 +2.00 +2.00 
+2.00 +2.00 +2.00 +2.00 +2.00 +2.00 +2.00 +2.00 +2.00 +2.00 +2.00 +2.00 
B_02_03,child cnt :9
B_02_03_00_00 with memory:0x859680 lead_dim:12 has contents:
+2.00 +2.00 +2.00 +2.00 
+2.00 +2.00 +2.00 +2.00 
+2.00 +2.00 +2.00 +2.00 
+2.00 +2.00 +2.00 +2.00 
B_02_03_01_00 with memory:0x859700 lead_dim:12 has contents:
+2.00 +2.00 +2.00 +2.00 
+2.00 +2.00 +2.00 +2.00 
+2.00 +2.00 +2.00 +2.00 
+2.00 +2.00 +2.00 +2.00 
B_02_03_02_00 with memory:0x859780 lead_dim:12 has contents:
+2.00 +2.00 +2.00 +2.00 
+2.00 +2.00 +2.00 +2.00 
+2.00 +2.00 +2.00 +2.00 
+2.00 +2.00 +2.00 +2.00 
B_02_03_00_01 with memory:0x859800 lead_dim:12 has contents:
+2.00 +2.00 +2.00 +2.00 
+2.00 +2.00 +2.00 +2.00 
+2.00 +2.00 +2.00 +2.00 
+2.00 +2.00 +2.00 +2.00 
B_02_03_01_01 with memory:0x859880 lead_dim:12 has contents:
+2.00 +2.00 +2.00 +2.00 
+2.00 +2.00 +2.00 +2.00 
+2.00 +2.00 +2.00 +2.00 
+2.00 +2.00 +2.00 +2.00 
B_02_03_02_01 with memory:0x859900 lead_dim:12 has contents:
+2.00 +2.00 +2.00 +2.00 
+2.00 +2.00 +2.00 +2.00 
+2.00 +2.00 +2.00 +2.00 
+2.00 +2.00 +2.00 +2.00 
B_02_03_00_02 with memory:0x859980 lead_dim:12 has contents:
+2.00 +2.00 +2.00 +2.00 
+2.00 +2.00 +2.00 +2.00 
+2.00 +2.00 +2.00 +2.00 
+2.00 +2.00 +2.00 +2.00 
B_02_03_01_02 with memory:0x859a00 lead_dim:12 has contents:
+2.00 +2.00 +2.00 +2.00 
+2.00 +2.00 +2.00 +2.00 
+2.00 +2.00 +2.00 +2.00 
+2.00 +2.00 +2.00 +2.00 
B_02_03_02_02 with memory:0x859a80 lead_dim:12 has contents:
+2.00 +2.00 +2.00 +2.00 
+2.00 +2.00 +2.00 +2.00 
+2.00 +2.00 +2.00 +2.00 
+2.00 +2.00 +2.00 +2.00 
B_03_03 with memory:0x921ea0 lead_dim:48 has contents:
+2.00 +2.00 +2.00 +2.00 +2.00 +2.00 +2.00 +2.00 +2.00 +2.00 +2.00 +2.00 
+2.00 +2.00 +2.00 +2.00 +2.00 +2.00 +2.00 +2.00 +2.00 +2.00 +2.00 +2.00 
+2.00 +2.00 +2.00 +2.00 +2.00 +2.00 +2.00 +2.00 +2.00 +2.00 +2.00 +2.00 
+2.00 +2.00 +2.00 +2.00 +2.00 +2.00 +2.00 +2.00 +2.00 +2.00 +2.00 +2.00 
+2.00 +2.00 +2.00 +2.00 +2.00 +2.00 +2.00 +2.00 +2.00 +2.00 +2.00 +2.00 
+2.00 +2.00 +2.00 +2.00 +2.00 +2.00 +2.00 +2.00 +2.00 +2.00 +2.00 +2.00 
+2.00 +2.00 +2.00 +2.00 +2.00 +2.00 +2.00 +2.00 +2.00 +2.00 +2.00 +2.00 
+2.00 +2.00 +2.00 +2.00 +2.00 +2.00 +2.00 +2.00 +2.00 +2.00 +2.00 +2.00 
+2.00 +2.00 +2.00 +2.00 +2.00 +2.00 +2.00 +2.00 +2.00 +2.00 +2.00 +2.00 
+2.00 +2.00 +2.00 +2.00 +2.00 +2.00 +2.00 +2.00 +2.00 +2.00 +2.00 +2.00 
+2.00 +2.00 +2.00 +2.00 +2.00 +2.00 +2.00 +2.00 +2.00 +2.00 +2.00 +2.00 
+2.00 +2.00 +2.00 +2.00 +2.00 +2.00 +2.00 +2.00 +2.00 +2.00 +2.00 +2.00 
B_03_03,child cnt :9
B_03_03_00_00 with memory:0x921ea0 lead_dim:48 has contents:
+2.00 +2.00 +2.00 +2.00 
+2.00 +2.00 +2.00 +2.00 
+2.00 +2.00 +2.00 +2.00 
+2.00 +2.00 +2.00 +2.00 
B_03_03_01_00 with memory:0x921f20 lead_dim:48 has contents:
+2.00 +2.00 +2.00 +2.00 
+2.00 +2.00 +2.00 +2.00 
+2.00 +2.00 +2.00 +2.00 
+2.00 +2.00 +2.00 +2.00 
B_03_03_02_00 with memory:0x921fa0 lead_dim:48 has contents:
+2.00 +2.00 +2.00 +2.00 
+2.00 +2.00 +2.00 +2.00 
+2.00 +2.00 +2.00 +2.00 
+2.00 +2.00 +2.00 +2.00 
B_03_03_00_01 with memory:0x922020 lead_dim:48 has contents:
+2.00 +2.00 +2.00 +2.00 
+2.00 +2.00 +2.00 +2.00 
+2.00 +2.00 +2.00 +2.00 
+2.00 +2.00 +2.00 +2.00 
B_03_03_01_01 with memory:0x9220a0 lead_dim:48 has contents:
+2.00 +2.00 +2.00 +2.00 
+2.00 +2.00 +2.00 +2.00 
+2.00 +2.00 +2.00 +2.00 
+2.00 +2.00 +2.00 +2.00 
B_03_03_02_01 with memory:0x922120 lead_dim:48 has contents:
+2.00 +2.00 +2.00 +2.00 
+2.00 +2.00 +2.00 +2.00 
+2.00 +2.00 +2.00 +2.00 
+2.00 +2.00 +2.00 +2.00 
B_03_03_00_02 with memory:0x9221a0 lead_dim:48 has contents:
+2.00 +2.00 +2.00 +2.00 
+2.00 +2.00 +2.00 +2.00 
+2.00 +2.00 +2.00 +2.00 
+2.00 +2.00 +2.00 +2.00 
B_03_03_01_02 with memory:0x922220 lead_dim:48 has contents:
+2.00 +2.00 +2.00 +2.00 
+2.00 +2.00 +2.00 +2.00 
+2.00 +2.00 +2.00 +2.00 
+2.00 +2.00 +2.00 +2.00 
B_03_03_02_02 with memory:0x9222a0 lead_dim:48 has contents:
+2.00 +2.00 +2.00 +2.00 
+2.00 +2.00 +2.00 +2.00 
+2.00 +2.00 +2.00 +2.00 
+2.00 +2.00 +2.00 +2.00 
C,child cnt :16
C_00_00 with memory:0x8e5920 lead_dim:12 has contents:
+96.00 +96.00 +96.00 +96.00 +96.00 +96.00 +96.00 +96.00 +96.00 +96.00 +96.00 +96.00 
+96.00 +96.00 +96.00 +96.00 +96.00 +96.00 +96.00 +96.00 +96.00 +96.00 +96.00 +96.00 
+96.00 +96.00 +96.00 +96.00 +96.00 +96.00 +96.00 +96.00 +96.00 +96.00 +96.00 +96.00 
+96.00 +96.00 +96.00 +96.00 +96.00 +96.00 +96.00 +96.00 +96.00 +96.00 +96.00 +96.00 
+96.00 +96.00 +96.00 +96.00 +96.00 +96.00 +96.00 +96.00 +96.00 +96.00 +96.00 +96.00 
+96.00 +96.00 +96.00 +96.00 +96.00 +96.00 +96.00 +96.00 +96.00 +96.00 +96.00 +96.00 
+96.00 +96.00 +96.00 +96.00 +96.00 +96.00 +96.00 +96.00 +96.00 +96.00 +96.00 +96.00 
+96.00 +96.00 +96.00 +96.00 +96.00 +96.00 +96.00 +96.00 +96.00 +96.00 +96.00 +96.00 
+96.00 +96.00 +96.00 +96.00 +96.00 +96.00 +96.00 +96.00 +96.00 +96.00 +96.00 +96.00 
+96.00 +96.00 +96.00 +96.00 +96.00 +96.00 +96.00 +96.00 +96.00 +96.00 +96.00 +96.00 
+96.00 +96.00 +96.00 +96.00 +96.00 +96.00 +96.00 +96.00 +96.00 +96.00 +96.00 +96.00 
+96.00 +96.00 +96.00 +96.00 +96.00 +96.00 +96.00 +96.00 +96.00 +96.00 +96.00 +96.00 
C_00_00,child cnt :9
C_00_00_00_00 with memory:0x8e5920 lead_dim:12 has contents:
+96.00 +96.00 +96.00 +96.00 
+96.00 +96.00 +96.00 +96.00 
+96.00 +96.00 +96.00 +96.00 
+96.00 +96.00 +96.00 +96.00 
C_00_00_01_00 with memory:0x8e59a0 lead_dim:12 has contents:
+96.00 +96.00 +96.00 +96.00 
+96.00 +96.00 +96.00 +96.00 
+96.00 +96.00 +96.00 +96.00 
+96.00 +96.00 +96.00 +96.00 
C_00_00_02_00 with memory:0x8e5a20 lead_dim:12 has contents:
+96.00 +96.00 +96.00 +96.00 
+96.00 +96.00 +96.00 +96.00 
+96.00 +96.00 +96.00 +96.00 
+96.00 +96.00 +96.00 +96.00 
C_00_00_00_01 with memory:0x8e5aa0 lead_dim:12 has contents:
+96.00 +96.00 +96.00 +96.00 
+96.00 +96.00 +96.00 +96.00 
+96.00 +96.00 +96.00 +96.00 
+96.00 +96.00 +96.00 +96.00 
C_00_00_01_01 with memory:0x8e5b20 lead_dim:12 has contents:
+96.00 +96.00 +96.00 +96.00 
+96.00 +96.00 +96.00 +96.00 
+96.00 +96.00 +96.00 +96.00 
+96.00 +96.00 +96.00 +96.00 
C_00_00_02_01 with memory:0x8e5ba0 lead_dim:12 has contents:
+96.00 +96.00 +96.00 +96.00 
+96.00 +96.00 +96.00 +96.00 
+96.00 +96.00 +96.00 +96.00 
+96.00 +96.00 +96.00 +96.00 
C_00_00_00_02 with memory:0x8e5c20 lead_dim:12 has contents:
+96.00 +96.00 +96.00 +96.00 
+96.00 +96.00 +96.00 +96.00 
+96.00 +96.00 +96.00 +96.00 
+96.00 +96.00 +96.00 +96.00 
C_00_00_01_02 with memory:0x8e5ca0 lead_dim:12 has contents:
+96.00 +96.00 +96.00 +96.00 
+96.00 +96.00 +96.00 +96.00 
+96.00 +96.00 +96.00 +96.00 
+96.00 +96.00 +96.00 +96.00 
C_00_00_02_02 with memory:0x8e5d20 lead_dim:12 has contents:
+96.00 +96.00 +96.00 +96.00 
+96.00 +96.00 +96.00 +96.00 
+96.00 +96.00 +96.00 +96.00 
+96.00 +96.00 +96.00 +96.00 
C_01_00 has no memory allocated.
C_01_00,child cnt :9
C_01_00_00_00 has no memory allocated.
C_01_00_01_00 has no memory allocated.
C_01_00_02_00 has no memory allocated.
C_01_00_00_01 has no memory allocated.
C_01_00_01_01 has no memory allocated.
C_01_00_02_01 has no memory allocated.
C_01_00_00_02 has no memory allocated.
C_01_00_01_02 has no memory allocated.
C_01_00_02_02 has no memory allocated.
C_02_00 with memory:0x8e70e0 lead_dim:12 has contents:
+96.00 +96.00 +96.00 +96.00 +96.00 +96.00 +96.00 +96.00 +96.00 +96.00 +96.00 +96.00 
+96.00 +96.00 +96.00 +96.00 +96.00 +96.00 +96.00 +96.00 +96.00 +96.00 +96.00 +96.00 
+96.00 +96.00 +96.00 +96.00 +96.00 +96.00 +96.00 +96.00 +96.00 +96.00 +96.00 +96.00 
+96.00 +96.00 +96.00 +96.00 +96.00 +96.00 +96.00 +96.00 +96.00 +96.00 +96.00 +96.00 
+96.00 +96.00 +96.00 +96.00 +96.00 +96.00 +96.00 +96.00 +96.00 +96.00 +96.00 +96.00 
+96.00 +96.00 +96.00 +96.00 +96.00 +96.00 +96.00 +96.00 +96.00 +96.00 +96.00 +96.00 
+96.00 +96.00 +96.00 +96.00 +96.00 +96.00 +96.00 +96.00 +96.00 +96.00 +96.00 +96.00 
+96.00 +96.00 +96.00 +96.00 +96.00 +96.00 +96.00 +96.00 +96.00 +96.00 +96.00 +96.00 
+96.00 +96.00 +96.00 +96.00 +96.00 +96.00 +96.00 +96.00 +96.00 +96.00 +96.00 +96.00 
+96.00 +96.00 +96.00 +96.00 +96.00 +96.00 +96.00 +96.00 +96.00 +96.00 +96.00 +96.00 
+96.00 +96.00 +96.00 +96.00 +96.00 +96.00 +96.00 +96.00 +96.00 +96.00 +96.00 +96.00 
+96.00 +96.00 +96.00 +96.00 +96.00 +96.00 +96.00 +96.00 +96.00 +96.00 +96.00 +96.00 
C_02_00,child cnt :9
C_02_00_00_00 with memory:0x8e70e0 lead_dim:12 has contents:
+96.00 +96.00 +96.00 +96.00 
+96.00 +96.00 +96.00 +96.00 
+96.00 +96.00 +96.00 +96.00 
+96.00 +96.00 +96.00 +96.00 
C_02_00_01_00 with memory:0x8e7160 lead_dim:12 has contents:
+96.00 +96.00 +96.00 +96.00 
+96.00 +96.00 +96.00 +96.00 
+96.00 +96.00 +96.00 +96.00 
+96.00 +96.00 +96.00 +96.00 
C_02_00_02_00 with memory:0x8e71e0 lead_dim:12 has contents:
+96.00 +96.00 +96.00 +96.00 
+96.00 +96.00 +96.00 +96.00 
+96.00 +96.00 +96.00 +96.00 
+96.00 +96.00 +96.00 +96.00 
C_02_00_00_01 with memory:0x8e7260 lead_dim:12 has contents:
+96.00 +96.00 +96.00 +96.00 
+96.00 +96.00 +96.00 +96.00 
+96.00 +96.00 +96.00 +96.00 
+96.00 +96.00 +96.00 +96.00 
C_02_00_01_01 with memory:0x8e72e0 lead_dim:12 has contents:
+96.00 +96.00 +96.00 +96.00 
+96.00 +96.00 +96.00 +96.00 
+96.00 +96.00 +96.00 +96.00 
+96.00 +96.00 +96.00 +96.00 
C_02_00_02_01 with memory:0x8e7360 lead_dim:12 has contents:
+96.00 +96.00 +96.00 +96.00 
+96.00 +96.00 +96.00 +96.00 
+96.00 +96.00 +96.00 +96.00 
+96.00 +96.00 +96.00 +96.00 
C_02_00_00_02 with memory:0x8e73e0 lead_dim:12 has contents:
+96.00 +96.00 +96.00 +96.00 
+96.00 +96.00 +96.00 +96.00 
+96.00 +96.00 +96.00 +96.00 
+96.00 +96.00 +96.00 +96.00 
C_02_00_01_02 with memory:0x8e7460 lead_dim:12 has contents:
+96.00 +96.00 +96.00 +96.00 
+96.00 +96.00 +96.00 +96.00 
+96.00 +96.00 +96.00 +96.00 
+96.00 +96.00 +96.00 +96.00 
C_02_00_02_02 with memory:0x8e74e0 lead_dim:12 has contents:
+96.00 +96.00 +96.00 +96.00 
+96.00 +96.00 +96.00 +96.00 
+96.00 +96.00 +96.00 +96.00 
+96.00 +96.00 +96.00 +96.00 
C_03_00 has no memory allocated.
C_03_00,child cnt :9
C_03_00_00_00 has no memory allocated.
C_03_00_01_00 has no memory allocated.
C_03_00_02_00 has no memory allocated.
C_03_00_00_01 has no memory allocated.
C_03_00_01_01 has no memory allocated.
C_03_00_02_01 has no memory allocated.
C_03_00_00_02 has no memory allocated.
C_03_00_01_02 has no memory allocated.
C_03_00_02_02 has no memory allocated.
C_00_01 with memory:0x8e6000 lead_dim:12 has contents:
+96.00 +96.00 +96.00 +96.00 +96.00 +96.00 +96.00 +96.00 +96.00 +96.00 +96.00 +96.00 
+96.00 +96.00 +96.00 +96.00 +96.00 +96.00 +96.00 +96.00 +96.00 +96.00 +96.00 +96.00 
+96.00 +96.00 +96.00 +96.00 +96.00 +96.00 +96.00 +96.00 +96.00 +96.00 +96.00 +96.00 
+96.00 +96.00 +96.00 +96.00 +96.00 +96.00 +96.00 +96.00 +96.00 +96.00 +96.00 +96.00 
+96.00 +96.00 +96.00 +96.00 +96.00 +96.00 +96.00 +96.00 +96.00 +96.00 +96.00 +96.00 
+96.00 +96.00 +96.00 +96.00 +96.00 +96.00 +96.00 +96.00 +96.00 +96.00 +96.00 +96.00 
+96.00 +96.00 +96.00 +96.00 +96.00 +96.00 +96.00 +96.00 +96.00 +96.00 +96.00 +96.00 
+96.00 +96.00 +96.00 +96.00 +96.00 +96.00 +96.00 +96.00 +96.00 +96.00 +96.00 +96.00 
+96.00 +96.00 +96.00 +96.00 +96.00 +96.00 +96.00 +96.00 +96.00 +96.00 +96.00 +96.00 
+96.00 +96.00 +96.00 +96.00 +96.00 +96.00 +96.00 +96.00 +96.00 +96.00 +96.00 +96.00 
+96.00 +96.00 +96.00 +96.00 +96.00 +96.00 +96.00 +96.00 +96.00 +96.00 +96.00 +96.00 
+96.00 +96.00 +96.00 +96.00 +96.00 +96.00 +96.00 +96.00 +96.00 +96.00 +96.00 +96.00 
C_00_01,child cnt :9
C_00_01_00_00 with memory:0x8e6000 lead_dim:12 has contents:
+96.00 +96.00 +96.00 +96.00 
+96.00 +96.00 +96.00 +96.00 
+96.00 +96.00 +96.00 +96.00 
+96.00 +96.00 +96.00 +96.00 
C_00_01_01_00 with memory:0x8e6080 lead_dim:12 has contents:
+96.00 +96.00 +96.00 +96.00 
+96.00 +96.00 +96.00 +96.00 
+96.00 +96.00 +96.00 +96.00 
+96.00 +96.00 +96.00 +96.00 
C_00_01_02_00 with memory:0x8e6100 lead_dim:12 has contents:
+96.00 +96.00 +96.00 +96.00 
+96.00 +96.00 +96.00 +96.00 
+96.00 +96.00 +96.00 +96.00 
+96.00 +96.00 +96.00 +96.00 
C_00_01_00_01 with memory:0x8e6180 lead_dim:12 has contents:
+96.00 +96.00 +96.00 +96.00 
+96.00 +96.00 +96.00 +96.00 
+96.00 +96.00 +96.00 +96.00 
+96.00 +96.00 +96.00 +96.00 
C_00_01_01_01 with memory:0x8e6200 lead_dim:12 has contents:
+96.00 +96.00 +96.00 +96.00 
+96.00 +96.00 +96.00 +96.00 
+96.00 +96.00 +96.00 +96.00 
+96.00 +96.00 +96.00 +96.00 
C_00_01_02_01 with memory:0x8e6280 lead_dim:12 has contents:
+96.00 +96.00 +96.00 +96.00 
+96.00 +96.00 +96.00 +96.00 
+96.00 +96.00 +96.00 +96.00 
+96.00 +96.00 +96.00 +96.00 
C_00_01_00_02 with memory:0x8e6300 lead_dim:12 has contents:
+96.00 +96.00 +96.00 +96.00 
+96.00 +96.00 +96.00 +96.00 
+96.00 +96.00 +96.00 +96.00 
+96.00 +96.00 +96.00 +96.00 
C_00_01_01_02 with memory:0x8e6380 lead_dim:12 has contents:
+96.00 +96.00 +96.00 +96.00 
+96.00 +96.00 +96.00 +96.00 
+96.00 +96.00 +96.00 +96.00 
+96.00 +96.00 +96.00 +96.00 
C_00_01_02_02 with memory:0x8e6400 lead_dim:12 has contents:
+96.00 +96.00 +96.00 +96.00 
+96.00 +96.00 +96.00 +96.00 
+96.00 +96.00 +96.00 +96.00 
+96.00 +96.00 +96.00 +96.00 
C_01_01 has no memory allocated.
C_01_01,child cnt :9
C_01_01_00_00 has no memory allocated.
C_01_01_01_00 has no memory allocated.
C_01_01_02_00 has no memory allocated.
C_01_01_00_01 has no memory allocated.
C_01_01_01_01 has no memory allocated.
C_01_01_02_01 has no memory allocated.
C_01_01_00_02 has no memory allocated.
C_01_01_01_02 has no memory allocated.
C_01_01_02_02 has no memory allocated.
C_02_01 with memory:0x8e7680 lead_dim:12 has contents:
+96.00 +96.00 +96.00 +96.00 +96.00 +96.00 +96.00 +96.00 +96.00 +96.00 +96.00 +96.00 
+96.00 +96.00 +96.00 +96.00 +96.00 +96.00 +96.00 +96.00 +96.00 +96.00 +96.00 +96.00 
+96.00 +96.00 +96.00 +96.00 +96.00 +96.00 +96.00 +96.00 +96.00 +96.00 +96.00 +96.00 
+96.00 +96.00 +96.00 +96.00 +96.00 +96.00 +96.00 +96.00 +96.00 +96.00 +96.00 +96.00 
+96.00 +96.00 +96.00 +96.00 +96.00 +96.00 +96.00 +96.00 +96.00 +96.00 +96.00 +96.00 
+96.00 +96.00 +96.00 +96.00 +96.00 +96.00 +96.00 +96.00 +96.00 +96.00 +96.00 +96.00 
+96.00 +96.00 +96.00 +96.00 +96.00 +96.00 +96.00 +96.00 +96.00 +96.00 +96.00 +96.00 
+96.00 +96.00 +96.00 +96.00 +96.00 +96.00 +96.00 +96.00 +96.00 +96.00 +96.00 +96.00 
+96.00 +96.00 +96.00 +96.00 +96.00 +96.00 +96.00 +96.00 +96.00 +96.00 +96.00 +96.00 
+96.00 +96.00 +96.00 +96.00 +96.00 +96.00 +96.00 +96.00 +96.00 +96.00 +96.00 +96.00 
+96.00 +96.00 +96.00 +96.00 +96.00 +96.00 +96.00 +96.00 +96.00 +96.00 +96.00 +96.00 
+96.00 +96.00 +96.00 +96.00 +96.00 +96.00 +96.00 +96.00 +96.00 +96.00 +96.00 +96.00 
C_02_01,child cnt :9
C_02_01_00_00 with memory:0x8e7680 lead_dim:12 has contents:
+96.00 +96.00 +96.00 +96.00 
+96.00 +96.00 +96.00 +96.00 
+96.00 +96.00 +96.00 +96.00 
+96.00 +96.00 +96.00 +96.00 
C_02_01_01_00 with memory:0x8e7700 lead_dim:12 has contents:
+96.00 +96.00 +96.00 +96.00 
+96.00 +96.00 +96.00 +96.00 
+96.00 +96.00 +96.00 +96.00 
+96.00 +96.00 +96.00 +96.00 
C_02_01_02_00 with memory:0x8e7780 lead_dim:12 has contents:
+96.00 +96.00 +96.00 +96.00 
+96.00 +96.00 +96.00 +96.00 
+96.00 +96.00 +96.00 +96.00 
+96.00 +96.00 +96.00 +96.00 
C_02_01_00_01 with memory:0x8e7800 lead_dim:12 has contents:
+96.00 +96.00 +96.00 +96.00 
+96.00 +96.00 +96.00 +96.00 
+96.00 +96.00 +96.00 +96.00 
+96.00 +96.00 +96.00 +96.00 
C_02_01_01_01 with memory:0x8e7880 lead_dim:12 has contents:
+96.00 +96.00 +96.00 +96.00 
+96.00 +96.00 +96.00 +96.00 
+96.00 +96.00 +96.00 +96.00 
+96.00 +96.00 +96.00 +96.00 
C_02_01_02_01 with memory:0x8e7900 lead_dim:12 has contents:
+96.00 +96.00 +96.00 +96.00 
+96.00 +96.00 +96.00 +96.00 
+96.00 +96.00 +96.00 +96.00 
+96.00 +96.00 +96.00 +96.00 
C_02_01_00_02 with memory:0x8e7980 lead_dim:12 has contents:
+96.00 +96.00 +96.00 +96.00 
+96.00 +96.00 +96.00 +96.00 
+96.00 +96.00 +96.00 +96.00 
+96.00 +96.00 +96.00 +96.00 
C_02_01_01_02 with memory:0x8e7a00 lead_dim:12 has contents:
+96.00 +96.00 +96.00 +96.00 
+96.00 +96.00 +96.00 +96.00 
+96.00 +96.00 +96.00 +96.00 
+96.00 +96.00 +96.00 +96.00 
C_02_01_02_02 with memory:0x8e7a80 lead_dim:12 has contents:
+96.00 +96.00 +96.00 +96.00 
+96.00 +96.00 +96.00 +96.00 
+96.00 +96.00 +96.00 +96.00 
+96.00 +96.00 +96.00 +96.00 
C_03_01 has no memory allocated.
C_03_01,child cnt :9
C_03_01_00_00 has no memory allocated.
C_03_01_01_00 has no memory allocated.
C_03_01_02_00 has no memory allocated.
C_03_01_00_01 has no memory allocated.
C_03_01_01_01 has no memory allocated.
C_03_01_02_01 has no memory allocated.
C_03_01_00_02 has no memory allocated.
C_03_01_01_02 has no memory allocated.
C_03_01_02_02 has no memory allocated.
C_00_02 with memory:0x8e65a0 lead_dim:12 has contents:
+96.00 +96.00 +96.00 +96.00 +96.00 +96.00 +96.00 +96.00 +96.00 +96.00 +96.00 +96.00 
+96.00 +96.00 +96.00 +96.00 +96.00 +96.00 +96.00 +96.00 +96.00 +96.00 +96.00 +96.00 
+96.00 +96.00 +96.00 +96.00 +96.00 +96.00 +96.00 +96.00 +96.00 +96.00 +96.00 +96.00 
+96.00 +96.00 +96.00 +96.00 +96.00 +96.00 +96.00 +96.00 +96.00 +96.00 +96.00 +96.00 
+96.00 +96.00 +96.00 +96.00 +96.00 +96.00 +96.00 +96.00 +96.00 +96.00 +96.00 +96.00 
+96.00 +96.00 +96.00 +96.00 +96.00 +96.00 +96.00 +96.00 +96.00 +96.00 +96.00 +96.00 
+96.00 +96.00 +96.00 +96.00 +96.00 +96.00 +96.00 +96.00 +96.00 +96.00 +96.00 +96.00 
+96.00 +96.00 +96.00 +96.00 +96.00 +96.00 +96.00 +96.00 +96.00 +96.00 +96.00 +96.00 
+96.00 +96.00 +96.00 +96.00 +96.00 +96.00 +96.00 +96.00 +96.00 +96.00 +96.00 +96.00 
+96.00 +96.00 +96.00 +96.00 +96.00 +96.00 +96.00 +96.00 +96.00 +96.00 +96.00 +96.00 
+96.00 +96.00 +96.00 +96.00 +96.00 +96.00 +96.00 +96.00 +96.00 +96.00 +96.00 +96.00 
+96.00 +96.00 +96.00 +96.00 +96.00 +96.00 +96.00 +96.00 +96.00 +96.00 +96.00 +96.00 
C_00_02,child cnt :9
C_00_02_00_00 with memory:0x8e65a0 lead_dim:12 has contents:
+96.00 +96.00 +96.00 +96.00 
+96.00 +96.00 +96.00 +96.00 
+96.00 +96.00 +96.00 +96.00 
+96.00 +96.00 +96.00 +96.00 
C_00_02_01_00 with memory:0x8e6620 lead_dim:12 has contents:
+96.00 +96.00 +96.00 +96.00 
+96.00 +96.00 +96.00 +96.00 
+96.00 +96.00 +96.00 +96.00 
+96.00 +96.00 +96.00 +96.00 
C_00_02_02_00 with memory:0x8e66a0 lead_dim:12 has contents:
+96.00 +96.00 +96.00 +96.00 
+96.00 +96.00 +96.00 +96.00 
+96.00 +96.00 +96.00 +96.00 
+96.00 +96.00 +96.00 +96.00 
C_00_02_00_01 with memory:0x8e6720 lead_dim:12 has contents:
+96.00 +96.00 +96.00 +96.00 
+96.00 +96.00 +96.00 +96.00 
+96.00 +96.00 +96.00 +96.00 
+96.00 +96.00 +96.00 +96.00 
C_00_02_01_01 with memory:0x8e67a0 lead_dim:12 has contents:
+96.00 +96.00 +96.00 +96.00 
+96.00 +96.00 +96.00 +96.00 
+96.00 +96.00 +96.00 +96.00 
+96.00 +96.00 +96.00 +96.00 
C_00_02_02_01 with memory:0x8e6820 lead_dim:12 has contents:
+96.00 +96.00 +96.00 +96.00 
+96.00 +96.00 +96.00 +96.00 
+96.00 +96.00 +96.00 +96.00 
+96.00 +96.00 +96.00 +96.00 
C_00_02_00_02 with memory:0x8e68a0 lead_dim:12 has contents:
+96.00 +96.00 +96.00 +96.00 
+96.00 +96.00 +96.00 +96.00 
+96.00 +96.00 +96.00 +96.00 
+96.00 +96.00 +96.00 +96.00 
C_00_02_01_02 with memory:0x8e6920 lead_dim:12 has contents:
+96.00 +96.00 +96.00 +96.00 
+96.00 +96.00 +96.00 +96.00 
+96.00 +96.00 +96.00 +96.00 
+96.00 +96.00 +96.00 +96.00 
C_00_02_02_02 with memory:0x8e69a0 lead_dim:12 has contents:
+96.00 +96.00 +96.00 +96.00 
+96.00 +96.00 +96.00 +96.00 
+96.00 +96.00 +96.00 +96.00 
+96.00 +96.00 +96.00 +96.00 
C_01_02 has no memory allocated.
C_01_02,child cnt :9
C_01_02_00_00 has no memory allocated.
C_01_02_01_00 has no memory allocated.
C_01_02_02_00 has no memory allocated.
C_01_02_00_01 has no memory allocated.
C_01_02_01_01 has no memory allocated.
C_01_02_02_01 has no memory allocated.
C_01_02_00_02 has no memory allocated.
C_01_02_01_02 has no memory allocated.
C_01_02_02_02 has no memory allocated.
C_02_02 with memory:0x8e7c20 lead_dim:12 has contents:
+96.00 +96.00 +96.00 +96.00 +96.00 +96.00 +96.00 +96.00 +96.00 +96.00 +96.00 +96.00 
+96.00 +96.00 +96.00 +96.00 +96.00 +96.00 +96.00 +96.00 +96.00 +96.00 +96.00 +96.00 
+96.00 +96.00 +96.00 +96.00 +96.00 +96.00 +96.00 +96.00 +96.00 +96.00 +96.00 +96.00 
+96.00 +96.00 +96.00 +96.00 +96.00 +96.00 +96.00 +96.00 +96.00 +96.00 +96.00 +96.00 
+96.00 +96.00 +96.00 +96.00 +96.00 +96.00 +96.00 +96.00 +96.00 +96.00 +96.00 +96.00 
+96.00 +96.00 +96.00 +96.00 +96.00 +96.00 +96.00 +96.00 +96.00 +96.00 +96.00 +96.00 
+96.00 +96.00 +96.00 +96.00 +96.00 +96.00 +96.00 +96.00 +96.00 +96.00 +96.00 +96.00 
+96.00 +96.00 +96.00 +96.00 +96.00 +96.00 +96.00 +96.00 +96.00 +96.00 +96.00 +96.00 
+96.00 +96.00 +96.00 +96.00 +96.00 +96.00 +96.00 +96.00 +96.00 +96.00 +96.00 +96.00 
+96.00 +96.00 +96.00 +96.00 +96.00 +96.00 +96.00 +96.00 +96.00 +96.00 +96.00 +96.00 
+96.00 +96.00 +96.00 +96.00 +96.00 +96.00 +96.00 +96.00 +96.00 +96.00 +96.00 +96.00 
+96.00 +96.00 +96.00 +96.00 +96.00 +96.00 +96.00 +96.00 +96.00 +96.00 +96.00 +96.00 
C_02_02,child cnt :9
C_02_02_00_00 with memory:0x8e7c20 lead_dim:12 has contents:
+96.00 +96.00 +96.00 +96.00 
+96.00 +96.00 +96.00 +96.00 
+96.00 +96.00 +96.00 +96.00 
+96.00 +96.00 +96.00 +96.00 
C_02_02_01_00 with memory:0x8e7ca0 lead_dim:12 has contents:
+96.00 +96.00 +96.00 +96.00 
+96.00 +96.00 +96.00 +96.00 
+96.00 +96.00 +96.00 +96.00 
+96.00 +96.00 +96.00 +96.00 
C_02_02_02_00 with memory:0x8e7d20 lead_dim:12 has contents:
+96.00 +96.00 +96.00 +96.00 
+96.00 +96.00 +96.00 +96.00 
+96.00 +96.00 +96.00 +96.00 
+96.00 +96.00 +96.00 +96.00 
C_02_02_00_01 with memory:0x8e7da0 lead_dim:12 has contents:
+96.00 +96.00 +96.00 +96.00 
+96.00 +96.00 +96.00 +96.00 
+96.00 +96.00 +96.00 +96.00 
+96.00 +96.00 +96.00 +96.00 
C_02_02_01_01 with memory:0x8e7e20 lead_dim:12 has contents:
+96.00 +96.00 +96.00 +96.00 
+96.00 +96.00 +96.00 +96.00 
+96.00 +96.00 +96.00 +96.00 
+96.00 +96.00 +96.00 +96.00 
C_02_02_02_01 with memory:0x8e7ea0 lead_dim:12 has contents:
+96.00 +96.00 +96.00 +96.00 
+96.00 +96.00 +96.00 +96.00 
+96.00 +96.00 +96.00 +96.00 
+96.00 +96.00 +96.00 +96.00 
C_02_02_00_02 with memory:0x8e7f20 lead_dim:12 has contents:
+96.00 +96.00 +96.00 +96.00 
+96.00 +96.00 +96.00 +96.00 
+96.00 +96.00 +96.00 +96.00 
+96.00 +96.00 +96.00 +96.00 
C_02_02_01_02 with memory:0x8e7fa0 lead_dim:12 has contents:
+96.00 +96.00 +96.00 +96.00 
+96.00 +96.00 +96.00 +96.00 
+96.00 +96.00 +96.00 +96.00 
+96.00 +96.00 +96.00 +96.00 
C_02_02_02_02 with memory:0x8e8020 lead_dim:12 has contents:
+96.00 +96.00 +96.00 +96.00 
+96.00 +96.00 +96.00 +96.00 
+96.00 +96.00 +96.00 +96.00 
+96.00 +96.00 +96.00 +96.00 
C_03_02 has no memory allocated.
C_03_02,child cnt :9
C_03_02_00_00 has no memory allocated.
C_03_02_01_00 has no memory allocated.
C_03_02_02_00 has no memory allocated.
C_03_02_00_01 has no memory allocated.
C_03_02_01_01 has no memory allocated.
C_03_02_02_01 has no memory allocated.
C_03_02_00_02 has no memory allocated.
C_03_02_01_02 has no memory allocated.
C_03_02_02_02 has no memory allocated.
C_00_03 with memory:0x8e6b40 lead_dim:12 has contents:
+96.00 +96.00 +96.00 +96.00 +96.00 +96.00 +96.00 +96.00 +96.00 +96.00 +96.00 +96.00 
+96.00 +96.00 +96.00 +96.00 +96.00 +96.00 +96.00 +96.00 +96.00 +96.00 +96.00 +96.00 
+96.00 +96.00 +96.00 +96.00 +96.00 +96.00 +96.00 +96.00 +96.00 +96.00 +96.00 +96.00 
+96.00 +96.00 +96.00 +96.00 +96.00 +96.00 +96.00 +96.00 +96.00 +96.00 +96.00 +96.00 
+96.00 +96.00 +96.00 +96.00 +96.00 +96.00 +96.00 +96.00 +96.00 +96.00 +96.00 +96.00 
+96.00 +96.00 +96.00 +96.00 +96.00 +96.00 +96.00 +96.00 +96.00 +96.00 +96.00 +96.00 
+96.00 +96.00 +96.00 +96.00 +96.00 +96.00 +96.00 +96.00 +96.00 +96.00 +96.00 +96.00 
+96.00 +96.00 +96.00 +96.00 +96.00 +96.00 +96.00 +96.00 +96.00 +96.00 +96.00 +96.00 
+96.00 +96.00 +96.00 +96.00 +96.00 +96.00 +96.00 +96.00 +96.00 +96.00 +96.00 +96.00 
+96.00 +96.00 +96.00 +96.00 +96.00 +96.00 +96.00 +96.00 +96.00 +96.00 +96.00 +96.00 
+96.00 +96.00 +96.00 +96.00 +96.00 +96.00 +96.00 +96.00 +96.00 +96.00 +96.00 +96.00 
+96.00 +96.00 +96.00 +96.00 +96.00 +96.00 +96.00 +96.00 +96.00 +96.00 +96.00 +96.00 
C_00_03,child cnt :9
C_00_03_00_00 with memory:0x8e6b40 lead_dim:12 has contents:
+96.00 +96.00 +96.00 +96.00 
+96.00 +96.00 +96.00 +96.00 
+96.00 +96.00 +96.00 +96.00 
+96.00 +96.00 +96.00 +96.00 
C_00_03_01_00 with memory:0x8e6bc0 lead_dim:12 has contents:
+96.00 +96.00 +96.00 +96.00 
+96.00 +96.00 +96.00 +96.00 
+96.00 +96.00 +96.00 +96.00 
+96.00 +96.00 +96.00 +96.00 
C_00_03_02_00 with memory:0x8e6c40 lead_dim:12 has contents:
+96.00 +96.00 +96.00 +96.00 
+96.00 +96.00 +96.00 +96.00 
+96.00 +96.00 +96.00 +96.00 
+96.00 +96.00 +96.00 +96.00 
C_00_03_00_01 with memory:0x8e6cc0 lead_dim:12 has contents:
+96.00 +96.00 +96.00 +96.00 
+96.00 +96.00 +96.00 +96.00 
+96.00 +96.00 +96.00 +96.00 
+96.00 +96.00 +96.00 +96.00 
C_00_03_01_01 with memory:0x8e6d40 lead_dim:12 has contents:
+96.00 +96.00 +96.00 +96.00 
+96.00 +96.00 +96.00 +96.00 
+96.00 +96.00 +96.00 +96.00 
+96.00 +96.00 +96.00 +96.00 
C_00_03_02_01 with memory:0x8e6dc0 lead_dim:12 has contents:
+96.00 +96.00 +96.00 +96.00 
+96.00 +96.00 +96.00 +96.00 
+96.00 +96.00 +96.00 +96.00 
+96.00 +96.00 +96.00 +96.00 
C_00_03_00_02 with memory:0x8e6e40 lead_dim:12 has contents:
+96.00 +96.00 +96.00 +96.00 
+96.00 +96.00 +96.00 +96.00 
+96.00 +96.00 +96.00 +96.00 
+96.00 +96.00 +96.00 +96.00 
C_00_03_01_02 with memory:0x8e6ec0 lead_dim:12 has contents:
+96.00 +96.00 +96.00 +96.00 
+96.00 +96.00 +96.00 +96.00 
+96.00 +96.00 +96.00 +96.00 
+96.00 +96.00 +96.00 +96.00 
C_00_03_02_02 with memory:0x8e6f40 lead_dim:12 has contents:
+96.00 +96.00 +96.00 +96.00 
+96.00 +96.00 +96.00 +96.00 
+96.00 +96.00 +96.00 +96.00 
+96.00 +96.00 +96.00 +96.00 
C_01_03 has no memory allocated.
C_01_03,child cnt :9
C_01_03_00_00 has no memory allocated.
C_01_03_01_00 has no memory allocated.
C_01_03_02_00 has no memory allocated.
C_01_03_00_01 has no memory allocated.
C_01_03_01_01 has no memory allocated.
C_01_03_02_01 has no memory allocated.
C_01_03_00_02 has no memory allocated.
C_01_03_01_02 has no memory allocated.
C_01_03_02_02 has no memory allocated.
C_02_03 with memory:0x8e8240 lead_dim:12 has contents:
+96.00 +96.00 +96.00 +96.00 +96.00 +96.00 +96.00 +96.00 +96.00 +96.00 +96.00 +96.00 
+96.00 +96.00 +96.00 +96.00 +96.00 +96.00 +96.00 +96.00 +96.00 +96.00 +96.00 +96.00 
+96.00 +96.00 +96.00 +96.00 +96.00 +96.00 +96.00 +96.00 +96.00 +96.00 +96.00 +96.00 
+96.00 +96.00 +96.00 +96.00 +96.00 +96.00 +96.00 +96.00 +96.00 +96.00 +96.00 +96.00 
+96.00 +96.00 +96.00 +96.00 +96.00 +96.00 +96.00 +96.00 +96.00 +96.00 +96.00 +96.00 
+96.00 +96.00 +96.00 +96.00 +96.00 +96.00 +96.00 +96.00 +96.00 +96.00 +96.00 +96.00 
+96.00 +96.00 +96.00 +96.00 +96.00 +96.00 +96.00 +96.00 +96.00 +96.00 +96.00 +96.00 
+96.00 +96.00 +96.00 +96.00 +96.00 +96.00 +96.00 +96.00 +96.00 +96.00 +96.00 +96.00 
+96.00 +96.00 +96.00 +96.00 +96.00 +96.00 +96.00 +96.00 +96.00 +96.00 +96.00 +96.00 
+96.00 +96.00 +96.00 +96.00 +96.00 +96.00 +96.00 +96.00 +96.00 +96.00 +96.00 +96.00 
+96.00 +96.00 +96.00 +96.00 +96.00 +96.00 +96.00 +96.00 +96.00 +96.00 +96.00 +96.00 
+96.00 +96.00 +96.00 +96.00 +96.00 +96.00 +96.00 +96.00 +96.00 +96.00 +96.00 +96.00 
C_02_03,child cnt :9
C_02_03_00_00 with memory:0x8e8240 lead_dim:12 has contents:
+96.00 +96.00 +96.00 +96.00 
+96.00 +96.00 +96.00 +96.00 
+96.00 +96.00 +96.00 +96.00 
+96.00 +96.00 +96.00 +96.00 
C_02_03_01_00 with memory:0x8e82c0 lead_dim:12 has contents:
+96.00 +96.00 +96.00 +96.00 
+96.00 +96.00 +96.00 +96.00 
+96.00 +96.00 +96.00 +96.00 
+96.00 +96.00 +96.00 +96.00 
C_02_03_02_00 with memory:0x8e8340 lead_dim:12 has contents:
+96.00 +96.00 +96.00 +96.00 
+96.00 +96.00 +96.00 +96.00 
+96.00 +96.00 +96.00 +96.00 
+96.00 +96.00 +96.00 +96.00 
C_02_03_00_01 with memory:0x8e83c0 lead_dim:12 has contents:
+96.00 +96.00 +96.00 +96.00 
+96.00 +96.00 +96.00 +96.00 
+96.00 +96.00 +96.00 +96.00 
+96.00 +96.00 +96.00 +96.00 
C_02_03_01_01 with memory:0x8e8440 lead_dim:12 has contents:
+96.00 +96.00 +96.00 +96.00 
+96.00 +96.00 +96.00 +96.00 
+96.00 +96.00 +96.00 +96.00 
+96.00 +96.00 +96.00 +96.00 
C_02_03_02_01 with memory:0x8e84c0 lead_dim:12 has contents:
+96.00 +96.00 +96.00 +96.00 
+96.00 +96.00 +96.00 +96.00 
+96.00 +96.00 +96.00 +96.00 
+96.00 +96.00 +96.00 +96.00 
C_02_03_00_02 with memory:0x8e8540 lead_dim:12 has contents:
+96.00 +96.00 +96.00 +96.00 
+96.00 +96.00 +96.00 +96.00 
+96.00 +96.00 +96.00 +96.00 
+96.00 +96.00 +96.00 +96.00 
C_02_03_01_02 with memory:0x8e85c0 lead_dim:12 has contents:
+96.00 +96.00 +96.00 +96.00 
+96.00 +96.00 +96.00 +96.00 
+96.00 +96.00 +96.00 +96.00 
+96.00 +96.00 +96.00 +96.00 
C_02_03_02_02 with memory:0x8e8640 lead_dim:12 has contents:
+96.00 +96.00 +96.00 +96.00 
+96.00 +96.00 +96.00 +96.00 
+96.00 +96.00 +96.00 +96.00 
+96.00 +96.00 +96.00 +96.00 
C_03_03 has no memory allocated.
C_03_03,child cnt :9
C_03_03_00_00 has no memory allocated.
C_03_03_01_00 has no memory allocated.
C_03_03_02_00 has no memory allocated.
C_03_03_00_01 has no memory allocated.
C_03_03_01_01 has no memory allocated.
C_03_03_02_01 has no memory allocated.
C_03_03_00_02 has no memory allocated.
C_03_03_01_02 has no memory allocated.
C_03_03_02_02 has no memory allocated.
