10638795037464826 0
10638795154880416 0
10638795157495495 0
10638795165246877 0
10638795166913632 0
10638795168485855 0
10638795169759205 0
10638795170816104 0
10638795172119187 0
10638795174250270 0
10638795175152021 0
10638795182338240 0
10638795183169823 0
10638795185679652 0
10638795192830632 0
10638795193643555 0
10638795194624043 0
10638795195513099 0
10638795196392632 0
10638795197347523 0
10638795198195343 0
10638795199720160 0
10638795200539720 0
10638795201564165 0
10638795202587307 0
10638795203565135 0
10638795204464209 0
10638795205412373 0
10638795206441725 0
10638795207810129 0
10638795208819431 0
10638795209845718 0
10638795210806119 0
10638795290522117 0
