10638795037549075 0
10638795173680608 0
10638795195818461 0
10638795197813065 0
10638795204160057 0
10638795207152730 0
10638795207949421 0
10638795212780099 0
10638795215285605 0
10638795216387618 0
10638795220678538 0
10638795223414821 0
10638795227187655 0
10638795230052744 0
10638795232955624 0
10638795235675992 0
10638795238219795 0
10638795241087874 0
10638795243856263 0
10638795247025239 0
10638795250306181 0
10638795253106129 0
10638795255791116 0
10638795258714041 0
10638795261412864 0
10638795264932466 0
10638795265902634 0
10638795267065352 0
10638795274293139 0
10638795276958018 0
10638795278047380 0
10638795283562477 0
10638795285835528 0
10638795290776036 0
