10638795037548039 0
10638795173679066 0
10638795195816752 0
10638795197812032 0
10638795204158845 0
10638795207151711 0
10638795207946704 0
10638795212779195 0
10638795215283831 0
10638795216386682 0
10638795220677435 0
10638795223411280 0
10638795227186926 0
10638795230051887 0
10638795232955003 0
10638795235675234 0
10638795238218631 0
10638795241087187 0
10638795243843893 0
10638795247023606 0
10638795250304708 0
10638795253105418 0
10638795255790556 0
10638795258713315 0
10638795261412089 0
10638795264931653 0
10638795265901308 0
10638795267064705 0
10638795274291367 0
10638795276957013 0
10638795278046403 0
10638795283561375 0
10638795285834146 0
10638795290774731 0
