10638795037464035 0
10638795154879486 0
10638795157494287 0
10638795165245820 0
10638795166912922 0
10638795168484774 0
10638795169758557 0
10638795170815373 0
10638795172118248 0
10638795174249632 0
10638795175150778 0
10638795182337541 0
10638795183168685 0
10638795185678675 0
10638795192829553 0
10638795193642744 0
10638795194621579 0
10638795195511259 0
10638795196391548 0
10638795197345276 0
10638795198194667 0
10638795199719239 0
10638795200538568 0
10638795201563196 0
10638795202586356 0
10638795203564515 0
10638795204462465 0
10638795205411230 0
10638795206441085 0
10638795207809347 0
10638795208818770 0
10638795209845080 0
10638795210804281 0
10638795290520249 0
