10638795037462198 0
10638795154877341 1
10638795157493666 1
10638795165245197 1
10638795166912213 1
10638795168482893 1
10638795169757933 1
10638795170814633 1
10638795172113383 1
10638795174249028 1
10638795175149211 1
10638795182336557 1
10638795183168154 1
10638795185676960 1
10638795192827868 1
10638795193641725 1
10638795194620646 1
10638795195509730 1
10638795196389452 1
10638795197344584 1
10638795198194035 1
10638795199718583 1
10638795200537365 1
10638795201562461 1
10638795202585601 1
10638795203563921 1
10638795204461459 2
10638795205410625 1
10638795206439346 1
10638795207808663 1
10638795208817893 1
10638795209843951 1
10638795210802852 1
10638795290514253 0
