10638795037546210 0
10638795173677376 1
10638795195815893 2
10638795197811506 1
10638795204157404 2
10638795207147150 1
10638795207935047 2
10638795212778412 1
10638795215282775 2
10638795216386044 1
10638795220676094 1
10638795223410720 1
10638795227186312 1
10638795230050936 1
10638795232954122 1
10638795235674584 1
10638795238217612 1
10638795241085870 1
10638795243843288 1
10638795247021512 1
10638795250303966 1
10638795253104390 1
10638795255789652 1
10638795258711108 1
10638795261410954 1
10638795264929940 1
10638795265900112 1
10638795267064074 1
10638795274290338 1
10638795276956182 1
10638795278045826 1
10638795283560188 1
10638795285833304 1
10638795290755348 0
